bikeid,birthyear,end_station,from_lat,from_long,from_station_id,from_station_name,gender,meters,overage,start_station,starttime,stoptime,to_lat,to_long,to_station_id,to_station_name,trip_id,tripduration,usertype
1428,,Ashland Ave & Wellington Ave,41.847203,-87.646795,98,Halsted St & Archer Ave,,15692,22.0,Halsted St & Archer Ave,8/15/2013 14:04,8/15/2013 16:29,41.936083,-87.669807,269,Ashland Ave & Wellington Ave,231118,8685,Customer
1428,,Ashland Ave & Wellington Ave,41.936083,-87.669807,269,Ashland Ave & Wellington Ave,,0,2.0,Ashland Ave & Wellington Ave,8/15/2013 17:21,8/15/2013 17:52,41.936083,-87.669807,269,Ashland Ave & Wellington Ave,232591,1805,Customer
1428,1980,Museum Campus,41.936083,-87.669807,269,Ashland Ave & Wellington Ave,Male,11562,0,Ashland Ave & Wellington Ave,8/15/2013 18:15,8/15/2013 18:28,41.865212,-87.617759,29,Museum Campus,233227,779,Subscriber
1428,1983,Clark St & North Ave,41.94893,-87.65775,275,Clark St & Waveland Ave,Female,4695,0,Clark St & Waveland Ave,8/16/2013 8:34,8/16/2013 8:54,41.911791,-87.631841,128,Clark St & North Ave,235995,1202,Subscriber
1428,,Wood St & North Ave,41.91468,-87.64332,282,Larrabee St & Menomonee St,,3320,2.0,Larrabee St & Menomonee St,8/16/2013 11:58,8/16/2013 12:31,41.910329,-87.672516,223,Wood St & North Ave,237273,2004,Customer
1428,,Sheffield Ave & Willow St,41.910329,-87.672516,223,Wood St & North Ave,,2481,0,Wood St & North Ave,8/16/2013 15:35,8/16/2013 15:54,41.913688,-87.652855,190,Sheffield Ave & Willow St,239312,1150,Customer
1428,,Lincoln Ave & Armitage Ave,41.913688,-87.652855,190,Sheffield Ave & Willow St,,1718,0,Sheffield Ave & Willow St,8/16/2013 15:57,8/16/2013 16:20,41.918273,-87.638116,146,Lincoln Ave & Armitage Ave,239522,1397,Customer
1428,,Clark St & Elm St,41.918273,-87.638116,146,Lincoln Ave & Armitage Ave,,1943,0,Lincoln Ave & Armitage Ave,8/16/2013 16:29,8/16/2013 16:45,41.903233,-87.631253,349,Clark St & Elm St,239900,950,Customer
1428,,Mies van der Rohe Way & Chicago Ave,41.903233,-87.631253,349,Clark St & Elm St,,1528,0,Clark St & Elm St,8/16/2013 16:47,8/16/2013 17:03,41.89691,-87.621743,338,Mies van der Rohe Way & Chicago Ave,240112,960,Customer
1428,,Wood St & Division St,41.89691,-87.621743,338,Mies van der Rohe Way & Chicago Ave,,5014,0,Mies van der Rohe Way & Chicago Ave,8/16/2013 17:58,8/16/2013 18:22,41.90332,-87.67273,246,Wood St & Division St,241082,1409,Customer
1428,,Michigan Ave & Oak St,41.94893,-87.65775,275,Clark St & Waveland Ave,,7143,6.0,Clark St & Waveland Ave,8/17/2013 10:33,8/17/2013 11:47,41.90096039,-87.62377664,42,Michigan Ave & Oak St,244857,4477,Customer
1428,,Daley Center Plaza,41.90096039,-87.62377664,42,Michigan Ave & Oak St,,2380,0,Michigan Ave & Oak St,8/17/2013 15:10,8/17/2013 15:27,41.884337,-87.630183,23,Daley Center Plaza,248868,1028,Customer
1428,,Dearborn Pkwy & Delaware Pl,41.884337,-87.630183,23,Daley Center Plaza,,1675,0,Daley Center Plaza,8/17/2013 17:08,8/17/2013 17:21,41.899007,-87.629928,173,Dearborn Pkwy & Delaware Pl,250560,735,Customer
1428,,Clark St & Wellington Ave,41.899007,-87.629928,173,Dearborn Pkwy & Delaware Pl,,4623,2.0,Dearborn Pkwy & Delaware Pl,8/17/2013 19:45,8/17/2013 20:15,41.9364968219,-87.6475386582,232,Clark St & Wellington Ave,252405,1802,Customer
1428,,Clark St & North Ave,41.9364968219,-87.6475386582,232,Clark St & Wellington Ave,,3129,0,Clark St & Wellington Ave,8/17/2013 21:01,8/17/2013 21:14,41.911791,-87.631841,128,Clark St & North Ave,253039,762,Customer
1428,,Michigan Ave & Lake St,41.911791,-87.631841,128,Clark St & North Ave,,3459,0,Clark St & North Ave,8/17/2013 21:15,8/17/2013 21:31,41.8860581151,-87.6242893413,43,Michigan Ave & Lake St,253136,948,Customer
1428,,Columbus Dr & Randolph St,41.8860581151,-87.6242893413,43,Michigan Ave & Lake St,,561,0,Michigan Ave & Lake St,8/17/2013 21:56,8/17/2013 22:09,41.8853,-87.62077,263,Columbus Dr & Randolph St,253387,782,Customer
1428,,Lake Shore Dr & Wellington Ave,41.867888,-87.623041,309,Indiana Ave & Roosevelt Rd,,10243,14.0,Indiana Ave & Roosevelt Rd,8/18/2013 10:09,8/18/2013 11:48,41.936669,-87.636794,234,Lake Shore Dr & Wellington Ave,255335,5944,Customer
1428,,Lake Shore Dr & Wellington Ave,41.936669,-87.636794,234,Lake Shore Dr & Wellington Ave,,0,2.0,Lake Shore Dr & Wellington Ave,8/18/2013 12:50,8/18/2013 13:21,41.936669,-87.636794,234,Lake Shore Dr & Wellington Ave,257349,1875,Customer
1428,,Wells St & Erie St,41.936669,-87.636794,234,Lake Shore Dr & Wellington Ave,,5200,22.0,Lake Shore Dr & Wellington Ave,8/18/2013 13:26,8/18/2013 15:34,41.893832,-87.634195,64,Wells St & Erie St,257882,7718,Customer
1428,,Mies van der Rohe Way & Chicago Ave,41.893832,-87.634195,64,Wells St & Erie St,,1348,0,Wells St & Erie St,8/18/2013 15:39,8/18/2013 16:00,41.89691,-87.621743,338,Mies van der Rohe Way & Chicago Ave,259987,1217,Customer
1428,,State St & Kinzie St,41.89691,-87.621743,338,Mies van der Rohe Way & Chicago Ave,,1569,0,Mies van der Rohe Way & Chicago Ave,8/18/2013 16:05,8/18/2013 16:27,41.88918,-87.6277,50,State St & Kinzie St,260389,1287,Customer
1428,,Ravenswood Ave & Irving Park Rd,41.882134,-87.625125,36,Michigan Ave & Madison St,,10746,0,Michigan Ave & Madison St,8/19/2013 12:25,8/19/2013 12:52,41.95469,-87.67393,87,Ravenswood Ave & Irving Park Rd,266680,1613,Customer
1428,,Halsted St & Dickens Ave,41.919936,-87.64883,192,Halsted St & Dickens Ave,,0,0,Halsted St & Dickens Ave,8/19/2013 15:36,8/19/2013 15:57,41.919936,-87.64883,192,Halsted St & Dickens Ave,268203,1286,Customer
1428,,Michigan Ave & Oak St,41.919936,-87.64883,192,Halsted St & Dickens Ave,,4079,2.0,Halsted St & Dickens Ave,8/19/2013 15:58,8/19/2013 16:32,41.90096039,-87.62377664,42,Michigan Ave & Oak St,268427,2028,Customer
1428,,Clark St & North Ave,41.90096039,-87.62377664,42,Michigan Ave & Oak St,,2008,0,Michigan Ave & Oak St,8/19/2013 16:42,8/19/2013 16:55,41.911791,-87.631841,128,Clark St & North Ave,268913,806,Customer
1428,,Damen Ave & Wellington Ave,41.911791,-87.631841,128,Clark St & North Ave,,5717,0,Clark St & North Ave,8/19/2013 17:26,8/19/2013 17:45,41.93588,-87.67842,268,Damen Ave & Wellington Ave,269537,1132,Customer
1428,,Damen Ave & Wellington Ave,41.93588,-87.67842,268,Damen Ave & Wellington Ave,,0,0,Damen Ave & Wellington Ave,8/19/2013 19:34,8/19/2013 19:56,41.93588,-87.67842,268,Damen Ave & Wellington Ave,271045,1305,Customer
1428,,Pine Grove Ave & Addison St,41.961588,-87.666036,316,Clark St & Montrose Ave,,2735,0,Clark St & Montrose Ave,8/21/2013 19:24,8/21/2013 19:40,41.947836,-87.645416,273,Pine Grove Ave & Addison St,286871,950,Customer
1428,,Streeter Dr & Illinois St,41.947836,-87.645416,273,Pine Grove Ave & Addison St,,7974,2.0,Pine Grove Ave & Addison St,8/21/2013 20:54,8/21/2013 21:30,41.891071,-87.6122,22,Streeter Dr & Illinois St,287430,2117,Customer
1428,,State St & Erie St,41.891071,-87.6122,22,Streeter Dr & Illinois St,,1999,0,Streeter Dr & Illinois St,8/21/2013 21:44,8/21/2013 22:05,41.893975,-87.628623,45,State St & Erie St,287686,1259,Customer
1428,,Orleans St & Merchandise Mart Plaza,41.893975,-87.628623,45,State St & Erie St,,1479,0,State St & Erie St,8/22/2013 7:38,8/22/2013 7:47,41.888243,-87.63639,13,Orleans St & Merchandise Mart Plaza,288772,531,Customer
1428,1959,Clinton St & Washington Blvd,41.888243,-87.63639,13,Orleans St & Merchandise Mart Plaza,Male,1328,0,Orleans St & Merchandise Mart Plaza,8/22/2013 16:16,8/22/2013 16:22,41.88338,-87.64117,10,Clinton St & Washington Blvd,291119,333,Subscriber
1428,,State St & Harrison St,41.88338,-87.64117,10,Clinton St & Washington Blvd,,2192,0,Clinton St & Washington Blvd,8/22/2013 16:26,8/22/2013 16:40,41.8739580629,-87.6277394859,30,State St & Harrison St,291187,855,Customer
1428,1974,Clinton St & Roosevelt Rd,41.877749,-87.649633,158,Peoria St & Jackson Blvd,Male,1817,0,Peoria St & Jackson Blvd,8/22/2013 20:12,8/22/2013 20:19,41.8671177825,-87.6410879593,327,Clinton St & Roosevelt Rd,293123,441,Subscriber
1428,1974,Halsted St & Madison St,41.8671177825,-87.6410879593,327,Clinton St & Roosevelt Rd,Male,2225,0,Clinton St & Roosevelt Rd,8/22/2013 20:29,8/22/2013 20:40,41.88175,-87.6478,159,Halsted St & Madison St,293206,611,Subscriber
1428,1974,Damen Ave & Grand Ave,41.88175,-87.6478,159,Halsted St & Madison St,Male,3660,0,Halsted St & Madison St,8/22/2013 20:40,8/22/2013 20:51,41.89122,-87.67686,141,Damen Ave & Grand Ave,293272,664,Subscriber
1428,,Racine Ave & Fullerton Ave,41.912616,-87.681391,243,Milwaukee Ave & Wabansia Ave,,3296,0,Milwaukee Ave & Wabansia Ave,8/24/2013 5:10,8/24/2013 5:27,41.92556258,-87.65840426,189,Racine Ave & Fullerton Ave,303795,985,Customer
1428,1988,Clark St & Lincoln Ave,41.92556258,-87.65840426,189,Racine Ave & Fullerton Ave,Male,2578,0,Racine Ave & Fullerton Ave,8/24/2013 8:31,8/24/2013 8:42,41.915689,-87.6346,179,Clark St & Lincoln Ave,304236,628,Subscriber
1428,,Hampden Ct & Diversey Pkwy,41.915689,-87.6346,179,Clark St & Lincoln Ave,,2174,0,Clark St & Lincoln Ave,8/24/2013 8:53,8/24/2013 9:08,41.93262,-87.642385,123,Hampden Ct & Diversey Pkwy,304338,906,Customer
1428,,Theater on the Lake,41.93262,-87.642385,123,Hampden Ct & Diversey Pkwy,,2111,0,Hampden Ct & Diversey Pkwy,8/24/2013 9:39,8/24/2013 9:46,41.926277,-87.630834,350,Theater on the Lake,304661,435,Customer
1428,,Michigan Ave & Oak St,41.96167,-87.65464,130,Sheridan Rd & Montrose Ave,,8202,6.0,Sheridan Rd & Montrose Ave,8/24/2013 13:59,8/24/2013 15:15,41.90096039,-87.62377664,42,Michigan Ave & Oak St,308195,4560,Customer
1428,,Wells St & Walton St,41.90096039,-87.62377664,42,Michigan Ave & Oak St,,966,0,Michigan Ave & Oak St,8/24/2013 15:40,8/24/2013 16:09,41.89993001,-87.63443007,46,Wells St & Walton St,310093,1744,Customer
1428,,Clinton St & Madison St,41.89993001,-87.63443007,46,Wells St & Walton St,,2651,0,Wells St & Walton St,8/24/2013 18:02,8/24/2013 18:21,41.8815824,-87.64127743,301,Clinton St & Madison St,312549,1154,Customer
1428,1983,Dearborn St & Monroe St,41.8815824,-87.64127743,301,Clinton St & Madison St,Female,1162,0,Clinton St & Madison St,8/24/2013 19:07,8/24/2013 19:13,41.881319815,-87.6295209193,49,Dearborn St & Monroe St,313476,337,Subscriber
1428,,May St & Taylor St,41.881319815,-87.6295209193,49,Dearborn St & Monroe St,,3462,0,Dearborn St & Monroe St,8/24/2013 20:56,8/24/2013 21:18,41.8694821,-87.6554864,160,May St & Taylor St,314505,1361,Customer
1428,,State St & Van Buren St,41.8694821,-87.6554864,160,May St & Taylor St,,3624,0,May St & Taylor St,8/25/2013 6:43,8/25/2013 7:00,41.877181,-87.627844,3,State St & Van Buren St,316218,1006,Customer
1428,,Peoria St & Jackson Blvd,41.877181,-87.627844,3,State St & Van Buren St,,1964,0,State St & Van Buren St,8/25/2013 13:03,8/25/2013 13:15,41.877749,-87.649633,158,Peoria St & Jackson Blvd,319446,754,Customer
1428,1988,Columbus Dr & Randolph St,41.877749,-87.649633,158,Peoria St & Jackson Blvd,Female,3532,0,Peoria St & Jackson Blvd,8/25/2013 14:17,8/25/2013 14:35,41.8853,-87.62077,263,Columbus Dr & Randolph St,320638,1081,Subscriber
1428,,Michigan Ave & 14th St,41.8853,-87.62077,263,Columbus Dr & Randolph St,,4359,14.0,Columbus Dr & Randolph St,8/25/2013 14:49,8/25/2013 16:19,41.864059,-87.623727,310,Michigan Ave & 14th St,321097,5419,Customer
1428,,Clark St & North Ave,41.864059,-87.623727,310,Michigan Ave & 14th St,,7947,2.0,Michigan Ave & 14th St,8/25/2013 16:28,8/25/2013 17:24,41.911791,-87.631841,128,Clark St & North Ave,322546,3382,Customer
1428,,State St & Harrison St,41.911791,-87.631841,128,Clark St & North Ave,,7026,0,Clark St & North Ave,8/25/2013 17:32,8/25/2013 17:56,41.8739580629,-87.6277394859,30,State St & Harrison St,323427,1414,Customer
1428,1953,Daley Center Plaza,41.8739580629,-87.6277394859,30,State St & Harrison St,Female,1726,0,State St & Harrison St,8/26/2013 9:15,8/26/2013 9:25,41.884337,-87.630183,23,Daley Center Plaza,327610,642,Subscriber
1428,1966,Wabash Ave & Roosevelt Rd,41.884337,-87.630183,23,Daley Center Plaza,Female,2391,0,Daley Center Plaza,8/26/2013 16:33,8/26/2013 16:57,41.8671729952,-87.6259550069,31,Wabash Ave & Roosevelt Rd,330793,1466,Subscriber
1428,,Wells St & Polk St,41.8671729952,-87.6259550069,31,Wabash Ave & Roosevelt Rd,,1228,0,Wabash Ave & Roosevelt Rd,8/26/2013 23:46,8/27/2013 0:11,41.872373,-87.633523,344,Wells St & Polk St,334120,1454,Customer
1428,1971,Franklin St & Lake St,41.88175,-87.6478,159,Halsted St & Madison St,Male,1503,0,Halsted St & Madison St,8/27/2013 8:46,8/27/2013 9:02,41.885837,-87.6355,272,Franklin St & Lake St,335297,987,Subscriber
1428,1979,St Clair St & Erie St,41.87184,-87.64664,27,Halsted St & Polk St,Male,4673,0,Halsted St & Polk St,8/27/2013 20:32,8/27/2013 20:42,41.894448,-87.622663,16,St Clair St & Erie St,340490,624,Subscriber
1428,,State St & Kinzie St,41.894448,-87.622663,16,St Clair St & Erie St,,972,0,St Clair St & Erie St,8/28/2013 8:20,8/28/2013 8:29,41.88918,-87.6277,50,State St & Kinzie St,342240,575,Customer
1428,,McClurg Ct & Illinois St,41.89102,-87.6173,51,McClurg Ct & Illinois St,,0,2.0,McClurg Ct & Illinois St,8/28/2013 11:41,8/28/2013 12:16,41.89102,-87.6173,51,McClurg Ct & Illinois St,343465,2100,Customer
1428,1965,Wells St & Ohio St,41.89102,-87.6173,51,McClurg Ct & Illinois St,Male,1544,0,McClurg Ct & Illinois St,8/28/2013 12:30,8/28/2013 12:42,41.892238,-87.633985,264,Wells St & Ohio St,343743,759,Subscriber
1428,,Dearborn Pkwy & Delaware Pl,41.892238,-87.633985,264,Wells St & Ohio St,,1112,0,Wells St & Ohio St,8/28/2013 15:44,8/28/2013 15:52,41.899007,-87.629928,173,Dearborn Pkwy & Delaware Pl,345182,460,Customer
1428,1964,Green St & Milwaukee Ave,41.899007,-87.629928,173,Dearborn Pkwy & Delaware Pl,Female,3150,1.5,Dearborn Pkwy & Delaware Pl,8/28/2013 16:02,8/28/2013 16:53,41.891733,-87.648727,33,Green St & Milwaukee Ave,345323,3073,Subscriber
1428,1972,Western Ave & Winnebago Ave,41.891733,-87.648727,33,Green St & Milwaukee Ave,Male,4168,0,Green St & Milwaukee Ave,8/28/2013 17:21,8/28/2013 17:43,41.915533,-87.687051,68,Western Ave & Winnebago Ave,346186,1355,Subscriber
1428,1972,California Ave & Milwaukee Ave,41.915533,-87.687051,68,Western Ave & Winnebago Ave,Male,1192,0,Western Ave & Winnebago Ave,8/28/2013 17:53,8/28/2013 18:01,41.922695,-87.697153,84,California Ave & Milwaukee Ave,346644,462,Subscriber
1428,1985,Noble St & Milwaukee Ave,41.922695,-87.697153,84,California Ave & Milwaukee Ave,Male,3772,0,California Ave & Milwaukee Ave,8/28/2013 18:14,8/28/2013 18:30,41.90068,-87.6626,290,Noble St & Milwaukee Ave,346911,914,Subscriber
1428,1985,Halsted St & James M Rochford St,41.90068,-87.6626,290,Noble St & Milwaukee Ave,Male,4678,0,Noble St & Milwaukee Ave,8/28/2013 18:49,8/28/2013 19:08,41.865861,-87.646611,166,Halsted St & James M Rochford St,347262,1117,Subscriber
1428,1956,Morgan St & Polk St,41.865861,-87.646611,166,Halsted St & James M Rochford St,Male,1032,0,Halsted St & James M Rochford St,8/29/2013 8:25,8/29/2013 8:30,41.871737,-87.65103,168,Morgan St & Polk St,349774,312,Subscriber
1428,1962,May St & Cullerton St,41.862378,-87.651062,169,Morgan Ave & 14th Pl,Male,1412,0,Morgan Ave & 14th Pl,8/29/2013 12:04,8/29/2013 12:10,41.855136,-87.654127,331,May St & Cullerton St,351139,347,Subscriber
1428,1962,Morgan Ave & 14th Pl,41.855136,-87.654127,331,May St & Cullerton St,Male,1411,0,May St & Cullerton St,8/29/2013 12:27,8/29/2013 12:31,41.862378,-87.651062,169,Morgan Ave & 14th Pl,351284,254,Subscriber
1428,,Wabash Ave & Roosevelt Rd,41.862378,-87.651062,169,Morgan Ave & 14th Pl,,2645,0,Morgan Ave & 14th Pl,8/29/2013 17:48,8/29/2013 18:12,41.8671729952,-87.6259550069,31,Wabash Ave & Roosevelt Rd,354248,1458,Customer
1428,1986,Dearborn St & Monroe St,41.881319815,-87.6295209193,49,Dearborn St & Monroe St,Male,0,0,Dearborn St & Monroe St,8/29/2013 22:33,8/29/2013 22:34,41.881319815,-87.6295209193,49,Dearborn St & Monroe St,356514,97,Subscriber
1428,1986,Michigan Ave & Congress Pkwy,41.881319815,-87.6295209193,49,Dearborn St & Monroe St,Male,1004,0,Dearborn St & Monroe St,8/29/2013 22:43,8/29/2013 22:53,41.876065599,-87.6244333636,40,Michigan Ave & Congress Pkwy,356550,591,Subscriber
1428,1986,State St & 16th St,41.876065599,-87.6244333636,40,Michigan Ave & Congress Pkwy,Male,2075,0,Michigan Ave & Congress Pkwy,8/29/2013 22:53,8/29/2013 23:04,41.8601213774,-87.6277291853,148,State St & 16th St,356591,627,Subscriber
1428,1969,Wabash Ave & Roosevelt Rd,41.8601213774,-87.6277291853,148,State St & 16th St,Female,949,0,State St & 16th St,8/30/2013 16:12,8/30/2013 16:18,41.8671729952,-87.6259550069,31,Wabash Ave & Roosevelt Rd,361639,328,Subscriber
1428,,Wabash Ave & Cermak Rd,41.8671729952,-87.6259550069,31,Wabash Ave & Roosevelt Rd,,1551,0,Wabash Ave & Roosevelt Rd,8/30/2013 20:36,8/30/2013 20:44,41.8532387578,-87.6253370902,170,Wabash Ave & Cermak Rd,363309,459,Customer
1428,,Millennium Park,41.8532387578,-87.6253370902,170,Wabash Ave & Cermak Rd,,3238,0,Wabash Ave & Cermak Rd,8/31/2013 16:25,8/31/2013 16:51,41.8810317,-87.62408432,8,Millennium Park,367597,1539,Customer
1428,,Michigan Ave & Oak St,41.8810317,-87.62408432,8,Millennium Park,,4341,0,Millennium Park,8/31/2013 16:53,8/31/2013 17:21,41.90096039,-87.62377664,42,Michigan Ave & Oak St,367960,1696,Customer
1428,,Michigan Ave & Pearson St,41.9267559875,-87.6344287848,124,Cannon Dr & Fullerton Ave,,3524,0,Cannon Dr & Fullerton Ave,8/31/2013 18:18,8/31/2013 18:39,41.89766,-87.62351,34,Michigan Ave & Pearson St,368948,1260,Customer
1428,,Lake Shore Dr & Monroe St,41.89766,-87.62351,34,Michigan Ave & Pearson St,,2867,0,Michigan Ave & Pearson St,8/31/2013 18:44,8/31/2013 19:07,41.88105,-87.61697,300,Lake Shore Dr & Monroe St,369200,1420,Customer
1428,,Millennium Park,41.88105,-87.61697,300,Lake Shore Dr & Monroe St,,1108,0,Lake Shore Dr & Monroe St,8/31/2013 19:19,8/31/2013 19:24,41.8810317,-87.62408432,8,Millennium Park,369535,309,Customer
1428,,Wabash Ave & Grand Ave,41.8810317,-87.62408432,8,Millennium Park,,1377,2.0,Millennium Park,8/31/2013 19:44,8/31/2013 20:15,41.891738,-87.626937,4,Wabash Ave & Grand Ave,369731,1833,Customer
1428,,Streeter Dr & Illinois St,41.891738,-87.626937,4,Wabash Ave & Grand Ave,,1307,0,Wabash Ave & Grand Ave,8/31/2013 20:34,8/31/2013 20:45,41.891071,-87.6122,22,Streeter Dr & Illinois St,370094,677,Customer
1428,,Streeter Dr & Illinois St,41.891071,-87.6122,22,Streeter Dr & Illinois St,,0,2.0,Streeter Dr & Illinois St,8/31/2013 20:55,8/31/2013 21:51,41.891071,-87.6122,22,Streeter Dr & Illinois St,370204,3338,Customer
1428,,Theater on the Lake,41.894666,-87.638437,52,Sedgwick St & Huron St,,5190,2.0,Sedgwick St & Huron St,9/1/2013 15:53,9/1/2013 16:43,41.926277,-87.630834,350,Theater on the Lake,378220,3007,Customer
1428,,Michigan Ave & Oak St,41.926277,-87.630834,350,Theater on the Lake,,3023,0,Theater on the Lake,9/1/2013 17:20,9/1/2013 17:40,41.90096039,-87.62377664,42,Michigan Ave & Oak St,379895,1183,Customer
1428,,Lake Shore Dr & Monroe St,41.90096039,-87.62377664,42,Michigan Ave & Oak St,,3603,0,Michigan Ave & Oak St,9/1/2013 17:43,9/1/2013 18:00,41.88105,-87.61697,300,Lake Shore Dr & Monroe St,380250,1056,Customer
1428,,Lake Shore Dr & Monroe St,41.88105,-87.61697,300,Lake Shore Dr & Monroe St,,0,2.0,Lake Shore Dr & Monroe St,9/1/2013 18:05,9/1/2013 18:38,41.88105,-87.61697,300,Lake Shore Dr & Monroe St,380578,1940,Customer
1428,,Lake Shore Dr & Monroe St,41.88105,-87.61697,300,Lake Shore Dr & Monroe St,,0,0,Lake Shore Dr & Monroe St,9/1/2013 18:41,9/1/2013 18:43,41.88105,-87.61697,300,Lake Shore Dr & Monroe St,381158,107,Customer
1428,,Streeter Dr & Illinois St,41.88105,-87.61697,300,Lake Shore Dr & Monroe St,,1455,0,Lake Shore Dr & Monroe St,9/1/2013 18:47,9/1/2013 19:06,41.891071,-87.6122,22,Streeter Dr & Illinois St,381234,1128,Customer
1428,,Michigan Ave & Lake St,41.891071,-87.6122,22,Streeter Dr & Illinois St,,2373,0,Streeter Dr & Illinois St,9/1/2013 19:08,9/1/2013 19:35,41.8860581151,-87.6242893413,43,Michigan Ave & Lake St,381620,1613,Customer
1428,1983,Michigan Ave & Madison St,41.89102,-87.6173,51,McClurg Ct & Illinois St,Male,2329,0,McClurg Ct & Illinois St,9/1/2013 21:48,9/1/2013 21:56,41.882134,-87.625125,36,Michigan Ave & Madison St,383201,498,Subscriber
1428,,Clark St & North Ave,41.882134,-87.625125,36,Michigan Ave & Madison St,,3793,0,Michigan Ave & Madison St,9/2/2013 11:09,9/2/2013 11:28,41.911791,-87.631841,128,Clark St & North Ave,385991,1155,Customer
1428,,State St & Pearson St,41.911791,-87.631841,128,Clark St & North Ave,,1887,0,Clark St & North Ave,9/2/2013 11:31,9/2/2013 11:38,41.897448,-87.628722,14,State St & Pearson St,386361,434,Customer
1428,,Theater on the Lake,41.897448,-87.628722,14,State St & Pearson St,,3877,0,State St & Pearson St,9/2/2013 12:05,9/2/2013 12:35,41.926277,-87.630834,350,Theater on the Lake,386932,1773,Customer
1428,,Sheridan Rd & Irving Park Rd,41.926277,-87.630834,350,Theater on the Lake,,4859,0,Theater on the Lake,9/2/2013 12:48,9/2/2013 13:17,41.95434,-87.654601,63,Sheridan Rd & Irving Park Rd,387733,1737,Customer
1428,,Southport Ave & Roscoe St,41.95434,-87.654601,63,Sheridan Rd & Irving Park Rd,,1959,2.0,Sheridan Rd & Irving Park Rd,9/2/2013 14:02,9/2/2013 14:39,41.943739,-87.66402,71,Southport Ave & Roscoe St,389227,2209,Customer
1428,,Loomis St & Taylor St,41.943739,-87.66402,71,Southport Ave & Roscoe St,,9995,0,Southport Ave & Roscoe St,9/2/2013 14:54,9/2/2013 15:13,41.869417,-87.660996,139,Loomis St & Taylor St,390281,1147,Customer
1428,,Wood St & Milwaukee Ave,41.869417,-87.660996,139,Loomis St & Taylor St,,5255,2.0,Loomis St & Taylor St,9/2/2013 15:17,9/2/2013 15:49,41.907655,-87.672552,221,Wood St & Milwaukee Ave,390769,1894,Customer
1428,,Wood St & North Ave,41.907655,-87.672552,221,Wood St & Milwaukee Ave,,297,0,Wood St & Milwaukee Ave,9/2/2013 16:52,9/2/2013 16:54,41.910329,-87.672516,223,Wood St & North Ave,392547,128,Customer
1428,,Theater on the Lake,41.910329,-87.672516,223,Wood St & North Ave,,5054,0,Wood St & North Ave,9/2/2013 17:17,9/2/2013 17:41,41.926277,-87.630834,350,Theater on the Lake,392937,1420,Customer
1428,,Theater on the Lake,41.926277,-87.630834,350,Theater on the Lake,,0,0,Theater on the Lake,9/2/2013 17:42,9/2/2013 18:12,41.926277,-87.630834,350,Theater on the Lake,393288,1797,Customer
1428,,Pine Grove Ave & Addison St,41.926277,-87.630834,350,Theater on the Lake,,3068,0,Theater on the Lake,9/2/2013 18:16,9/2/2013 18:39,41.947836,-87.645416,273,Pine Grove Ave & Addison St,393749,1411,Customer
1428,1982,Mies van der Rohe Way & Chicago Ave,41.947836,-87.645416,273,Pine Grove Ave & Addison St,Male,7043,0,Pine Grove Ave & Addison St,9/3/2013 7:39,9/3/2013 8:04,41.89691,-87.621743,338,Mies van der Rohe Way & Chicago Ave,396189,1515,Subscriber
1428,1966,Franklin St & Chicago Ave,41.89691,-87.621743,338,Mies van der Rohe Way & Chicago Ave,Male,1317,0,Mies van der Rohe Way & Chicago Ave,9/3/2013 16:59,9/3/2013 17:06,41.89680204,-87.63563839,17,Franklin St & Chicago Ave,400763,395,Subscriber
1428,1987,Clark St & Lincoln Ave,41.89680204,-87.63563839,17,Franklin St & Chicago Ave,Male,2221,0,Franklin St & Chicago Ave,9/3/2013 17:09,9/3/2013 17:18,41.915689,-87.6346,179,Clark St & Lincoln Ave,400888,547,Subscriber
1428,,Clarendon Ave & Leland Ave,41.915689,-87.6346,179,Clark St & Lincoln Ave,,7056,0,Clark St & Lincoln Ave,9/3/2013 21:49,9/3/2013 22:13,41.967968,-87.650001,385,Clarendon Ave & Leland Ave,403361,1414,Customer
1428,,Lincoln Ave & Roscoe St,41.967968,-87.650001,385,Clarendon Ave & Leland Ave,,4486,0,Clarendon Ave & Leland Ave,9/4/2013 6:44,9/4/2013 6:59,41.94334,-87.67097,78,Lincoln Ave & Roscoe St,404017,925,Customer
1428,1987,Ogden Ave & Chicago Ave,41.94334,-87.67097,78,Lincoln Ave & Roscoe St,Male,6503,0,Lincoln Ave & Roscoe St,9/4/2013 7:22,9/4/2013 7:47,41.896362458,-87.6540612729,44,Ogden Ave & Chicago Ave,404209,1500,Subscriber
1428,,St Clair St & Erie St,41.896362458,-87.6540612729,44,Ogden Ave & Chicago Ave,,2839,0,Ogden Ave & Chicago Ave,9/4/2013 7:55,9/4/2013 8:08,41.894448,-87.622663,16,St Clair St & Erie St,404521,766,Customer
1428,,State St & Erie St,41.894448,-87.622663,16,St Clair St & Erie St,,1054,6.0,St Clair St & Erie St,9/4/2013 9:22,9/4/2013 10:37,41.893975,-87.628623,45,State St & Erie St,405387,4504,Customer
1428,1961,Canal St & Jackson Blvd,41.893975,-87.628623,45,State St & Erie St,Male,3006,0,State St & Erie St,9/4/2013 16:37,9/4/2013 16:55,41.87811421,-87.63997112,138,Canal St & Jackson Blvd,408619,1056,Subscriber
1428,1982,Desplaines St & Kinzie St,41.87811421,-87.63997112,138,Canal St & Jackson Blvd,Male,1513,0,Canal St & Jackson Blvd,9/4/2013 17:12,9/4/2013 17:25,41.888716036,-87.6444478533,39,Desplaines St & Kinzie St,409153,779,Subscriber
1428,1982,State St & Kinzie St,41.888716036,-87.6444478533,39,Desplaines St & Kinzie St,Male,1416,0,Desplaines St & Kinzie St,9/4/2013 17:37,9/4/2013 17:45,41.88918,-87.6277,50,State St & Kinzie St,409572,506,Subscriber
1428,1982,Mies van der Rohe Way & Chicago Ave,41.88918,-87.6277,50,State St & Kinzie St,Male,1329,0,State St & Kinzie St,9/4/2013 17:46,9/4/2013 17:57,41.89691,-87.621743,338,Mies van der Rohe Way & Chicago Ave,409762,654,Subscriber
1428,,Sedgwick St & Webster Ave,41.89691,-87.621743,338,Mies van der Rohe Way & Chicago Ave,,4097,0,Mies van der Rohe Way & Chicago Ave,9/4/2013 19:42,9/4/2013 20:01,41.92197,-87.63854,191,Sedgwick St & Webster Ave,411022,1175,Customer
1428,1984,Clark St & Elm St,41.903233,-87.631253,349,Clark St & Elm St,Male,0,0,Clark St & Elm St,9/5/2013 16:24,9/5/2013 16:40,41.903233,-87.631253,349,Clark St & Elm St,417349,973,Subscriber
1428,1989,Clinton St & Washington Blvd,41.899007,-87.629928,173,Dearborn Pkwy & Delaware Pl,Male,2874,0,Dearborn Pkwy & Delaware Pl,9/6/2013 8:50,9/6/2013 9:04,41.88338,-87.64117,10,Clinton St & Washington Blvd,422427,836,Subscriber
1428,1977,Daley Center Plaza,41.88338,-87.64117,10,Clinton St & Washington Blvd,Male,1196,0,Clinton St & Washington Blvd,9/6/2013 9:35,9/6/2013 9:41,41.884337,-87.630183,23,Daley Center Plaza,422772,389,Subscriber
1428,,Desplaines St & Kinzie St,41.884337,-87.630183,23,Daley Center Plaza,,1642,0,Daley Center Plaza,9/6/2013 10:57,9/6/2013 11:06,41.888716036,-87.6444478533,39,Desplaines St & Kinzie St,423464,568,Customer
1428,,Greenview Ave & Diversey Pkwy,41.888716036,-87.6444478533,39,Desplaines St & Kinzie St,,5875,0,Desplaines St & Kinzie St,9/6/2013 13:22,9/6/2013 13:34,41.932595,-87.665939,294,Greenview Ave & Diversey Pkwy,424952,731,Customer
1428,1979,May St & Fulton St,41.932595,-87.665939,294,Greenview Ave & Diversey Pkwy,Male,6646,0,Greenview Ave & Diversey Pkwy,9/6/2013 16:00,9/6/2013 16:12,41.886773,-87.656001,197,May St & Fulton St,426588,692,Subscriber
1428,1974,Damen Ave & Grand Ave,41.886773,-87.656001,197,May St & Fulton St,Male,2256,0,May St & Fulton St,9/6/2013 20:05,9/6/2013 20:17,41.89122,-87.67686,141,Damen Ave & Grand Ave,429766,722,Subscriber
1428,1977,Sangamon St & Washington Blvd,41.89122,-87.67686,141,Damen Ave & Grand Ave,Male,3117,0,Damen Ave & Grand Ave,9/6/2013 20:30,9/6/2013 20:45,41.883004,-87.651148,409,Sangamon St & Washington Blvd,429929,894,Subscriber
1428,1983,State St & Kinzie St,41.883004,-87.651148,409,Sangamon St & Washington Blvd,Male,2612,0,Sangamon St & Washington Blvd,9/7/2013 10:26,9/7/2013 10:36,41.88918,-87.6277,50,State St & Kinzie St,432750,608,Subscriber
1428,,Millennium Park,41.891071,-87.6122,22,Streeter Dr & Illinois St,,2939,0,Streeter Dr & Illinois St,9/7/2013 13:01,9/7/2013 13:19,41.8810317,-87.62408432,8,Millennium Park,434912,1090,Customer
1428,,Michigan Ave & Pearson St,41.8810317,-87.62408432,8,Millennium Park,,1889,0,Millennium Park,9/7/2013 13:21,9/7/2013 13:46,41.89766,-87.62351,34,Michigan Ave & Pearson St,435261,1494,Customer
1428,,Lake Shore Dr & Monroe St,41.89766,-87.62351,34,Michigan Ave & Pearson St,,2867,0,Michigan Ave & Pearson St,9/7/2013 14:01,9/7/2013 14:29,41.88105,-87.61697,300,Lake Shore Dr & Monroe St,435896,1652,Customer
1428,,Museum Campus,41.88105,-87.61697,300,Lake Shore Dr & Monroe St,,2262,0,Lake Shore Dr & Monroe St,9/7/2013 14:33,9/7/2013 14:53,41.865212,-87.617759,29,Museum Campus,436430,1183,Customer
1428,,Michigan Ave & Congress Pkwy,41.865212,-87.617759,29,Museum Campus,,2324,0,Museum Campus,9/7/2013 14:57,9/7/2013 15:13,41.876065599,-87.6244333636,40,Michigan Ave & Congress Pkwy,436864,931,Customer
1428,,Michigan Ave & Pearson St,41.876065599,-87.6244333636,40,Michigan Ave & Congress Pkwy,,2525,0,Michigan Ave & Congress Pkwy,9/7/2013 15:14,9/7/2013 15:39,41.89766,-87.62351,34,Michigan Ave & Pearson St,437129,1531,Customer
1428,,Wells St & Ohio St,41.8457,-87.62248,212,Indiana Ave & 26th St,,8300,14.0,Indiana Ave & 26th St,9/8/2013 17:10,9/8/2013 18:57,41.892238,-87.633985,264,Wells St & Ohio St,448187,6419,Customer
1428,,Ashland Ave & Division St,41.892238,-87.633985,264,Wells St & Ohio St,,3731,0,Wells St & Ohio St,9/8/2013 19:37,9/8/2013 19:55,41.903456,-87.66777,61,Ashland Ave & Division St,449550,1076,Customer
1428,,Sedgwick St & Webster Ave,41.903456,-87.66777,61,Ashland Ave & Division St,,4491,0,Ashland Ave & Division St,9/8/2013 20:34,9/8/2013 20:55,41.92197,-87.63854,191,Sedgwick St & Webster Ave,449863,1232,Customer
1428,1970,Ravenswood Ave & Irving Park Rd,41.92197,-87.63854,191,Sedgwick St & Webster Ave,Male,5071,0,Sedgwick St & Webster Ave,9/9/2013 9:09,9/9/2013 9:31,41.95469,-87.67393,87,Ravenswood Ave & Irving Park Rd,452164,1321,Subscriber
1428,1968,Martin Luther King Dr & Oakwood Blvd,41.872373,-87.633523,344,Wells St & Polk St,Male,6796,0,Wells St & Polk St,9/9/2013 13:33,9/9/2013 13:45,41.82256,-87.61615,420,Martin Luther King Dr & Oakwood Blvd,454090,733,Subscriber
1428,1982,Peoria St & Jackson Blvd,41.82256,-87.61615,420,Martin Luther King Dr & Oakwood Blvd,Female,8716,0,Martin Luther King Dr & Oakwood Blvd,9/9/2013 17:15,9/9/2013 17:21,41.877749,-87.649633,158,Peoria St & Jackson Blvd,456096,396,Subscriber
1428,1973,Orleans St & Merchandise Mart Plaza,41.880422,-87.642746,38,Jefferson St & Monroe St,Male,2105,0,Jefferson St & Monroe St,9/10/2013 8:13,9/10/2013 8:19,41.888243,-87.63639,13,Orleans St & Merchandise Mart Plaza,459732,375,Subscriber
1428,1985,Dearborn St & Monroe St,41.888243,-87.63639,13,Orleans St & Merchandise Mart Plaza,Male,1603,0,Orleans St & Merchandise Mart Plaza,9/10/2013 13:45,9/10/2013 13:55,41.881319815,-87.6295209193,49,Dearborn St & Monroe St,461995,593,Subscriber
1428,1963,Sedgwick St & Webster Ave,41.881319815,-87.6295209193,49,Dearborn St & Monroe St,Male,4782,0,Dearborn St & Monroe St,9/10/2013 16:39,9/10/2013 16:57,41.92197,-87.63854,191,Sedgwick St & Webster Ave,463123,1055,Subscriber
1428,1956,Sedgwick St & North Ave,41.92197,-87.63854,191,Sedgwick St & Webster Ave,Female,1296,0,Sedgwick St & Webster Ave,9/10/2013 17:08,9/10/2013 17:18,41.910579,-87.638618,70,Sedgwick St & North Ave,463482,630,Subscriber
1428,,Clark St & North Ave,41.910579,-87.638618,70,Sedgwick St & North Ave,,691,0,Sedgwick St & North Ave,9/10/2013 20:15,9/10/2013 20:33,41.911791,-87.631841,128,Clark St & North Ave,465404,1104,Customer
1428,,Damen Ave & Cortland Ave,41.911791,-87.631841,128,Clark St & North Ave,,4357,0,Clark St & North Ave,9/10/2013 21:42,9/10/2013 22:01,41.916027,-87.677411,133,Damen Ave & Cortland Ave,465853,1163,Customer
1428,,Paulina St & 18th St,41.916027,-87.677411,133,Damen Ave & Cortland Ave,,7098,0,Damen Ave & Cortland Ave,9/11/2013 1:29,9/11/2013 1:56,41.857901,-87.668745,88,Paulina St & 18th St,466340,1639,Customer
1428,1980,Green St & Randolph St,41.857901,-87.668745,88,Paulina St & 18th St,Male,4425,0,Paulina St & 18th St,9/11/2013 15:38,9/11/2013 16:00,41.884078,-87.648684,53,Green St & Randolph St,470264,1334,Subscriber
1428,1986,State St & Randolph St,41.884078,-87.648684,53,Green St & Randolph St,Female,2767,0,Green St & Randolph St,9/11/2013 17:12,9/11/2013 17:31,41.8847302006,-87.6277335692,2,State St & Randolph St,471098,1102,Subscriber
1428,,Fairbanks Ct & Grand Ave,41.893975,-87.628623,45,State St & Erie St,,992,0,State St & Erie St,9/11/2013 18:26,9/11/2013 18:36,41.89186,-87.62062,262,Fairbanks Ct & Grand Ave,472052,597,Customer
1428,1978,Kingsbury St & Erie St,41.893832,-87.634195,64,Wells St & Erie St,Male,655,0,Wells St & Erie St,9/11/2013 20:38,9/11/2013 20:42,41.89384315,-87.64185116,265,Kingsbury St & Erie St,473077,260,Subscriber
1428,1984,Daley Center Plaza,41.89384315,-87.64185116,265,Kingsbury St & Erie St,Female,1934,0,Kingsbury St & Erie St,9/12/2013 8:34,9/12/2013 8:45,41.884337,-87.630183,23,Daley Center Plaza,475200,658,Subscriber
1428,1951,State St & Erie St,41.884337,-87.630183,23,Daley Center Plaza,Male,1215,0,Daley Center Plaza,9/12/2013 18:57,9/12/2013 19:05,41.893975,-87.628623,45,State St & Erie St,480753,478,Subscriber
1428,1986,Franklin St & Chicago Ave,41.893975,-87.628623,45,State St & Erie St,Male,976,0,State St & Erie St,9/12/2013 19:38,9/12/2013 19:42,41.89680204,-87.63563839,17,Franklin St & Chicago Ave,481163,263,Subscriber
1428,1975,Clinton St & Lake St,41.89680204,-87.63563839,17,Franklin St & Chicago Ave,Male,1696,0,Franklin St & Chicago Ave,9/12/2013 20:00,9/12/2013 20:07,41.8858327415,-87.6413823149,21,Clinton St & Lake St,481308,418,Subscriber
1428,1970,Franklin St & Jackson Blvd,41.8858327415,-87.6413823149,21,Clinton St & Lake St,Female,1832,0,Clinton St & Lake St,9/13/2013 7:20,9/13/2013 7:25,41.8777079559,-87.6353211408,19,Franklin St & Jackson Blvd,482701,306,Subscriber
1428,,Clark St & Randolph St,41.8777079559,-87.6353211408,19,Franklin St & Jackson Blvd,,1437,0,Franklin St & Jackson Blvd,9/13/2013 7:52,9/13/2013 8:19,41.884576228,-87.63188991,5,Clark St & Randolph St,482984,1632,Customer
1428,,Canal St & Monroe St,41.884576228,-87.63188991,5,Clark St & Randolph St,,1348,0,Clark St & Randolph St,9/13/2013 12:54,9/13/2013 13:01,41.8807,-87.63947,56,Canal St & Monroe St,485171,418,Customer
1428,1985,Daley Center Plaza,41.8807,-87.63947,56,Canal St & Monroe St,Male,1314,0,Canal St & Monroe St,9/13/2013 16:14,9/13/2013 16:19,41.884337,-87.630183,23,Daley Center Plaza,486800,302,Subscriber
1428,1985,Halsted St & Madison St,41.884337,-87.630183,23,Daley Center Plaza,Male,1740,0,Daley Center Plaza,9/13/2013 16:33,9/13/2013 16:42,41.88175,-87.6478,159,Halsted St & Madison St,487020,536,Subscriber
1428,1984,Michigan Ave & Madison St,41.88175,-87.6478,159,Halsted St & Madison St,Male,2869,0,Halsted St & Madison St,9/13/2013 18:06,9/13/2013 18:18,41.882134,-87.625125,36,Michigan Ave & Madison St,488519,759,Subscriber
1428,1983,Michigan Ave & Oak St,41.882134,-87.625125,36,Michigan Ave & Madison St,Male,2951,0,Michigan Ave & Madison St,9/13/2013 18:54,9/13/2013 19:20,41.90096039,-87.62377664,42,Michigan Ave & Oak St,489036,1522,Subscriber
1428,,Clark St & Wellington Ave,41.90096039,-87.62377664,42,Michigan Ave & Oak St,,4889,2.0,Michigan Ave & Oak St,9/14/2013 11:22,9/14/2013 11:59,41.9364968219,-87.6475386582,232,Clark St & Wellington Ave,492560,2266,Customer
1428,,Lake Shore Dr & North Blvd,41.9364968219,-87.6475386582,232,Clark St & Wellington Ave,,4629,2.0,Clark St & Wellington Ave,9/14/2013 13:04,9/14/2013 13:42,41.911722,-87.626804,328,Lake Shore Dr & North Blvd,494385,2281,Customer
1428,,Lake Shore Dr & Wellington Ave,41.911722,-87.626804,328,Lake Shore Dr & North Blvd,,3819,0,Lake Shore Dr & North Blvd,9/14/2013 13:45,9/14/2013 14:10,41.936669,-87.636794,234,Lake Shore Dr & Wellington Ave,495147,1492,Customer
1428,,Clark St & Wellington Ave,41.936669,-87.636794,234,Lake Shore Dr & Wellington Ave,,1115,0,Lake Shore Dr & Wellington Ave,9/14/2013 14:12,9/14/2013 14:22,41.9364968219,-87.6475386582,232,Clark St & Wellington Ave,495670,587,Customer
1428,1980,Lake Shore Dr & Wellington Ave,41.9364968219,-87.6475386582,232,Clark St & Wellington Ave,Male,891,0,Clark St & Wellington Ave,9/14/2013 14:36,9/14/2013 14:41,41.936669,-87.636794,234,Lake Shore Dr & Wellington Ave,496084,299,Subscriber
1428,,Millennium Park,41.936669,-87.636794,234,Lake Shore Dr & Wellington Ave,,9048,2.0,Lake Shore Dr & Wellington Ave,9/14/2013 14:48,9/14/2013 15:43,41.8810317,-87.62408432,8,Millennium Park,496341,3291,Customer
1428,,Millennium Park,41.8810317,-87.62408432,8,Millennium Park,,0,6.0,Millennium Park,9/14/2013 16:42,9/14/2013 18:08,41.8810317,-87.62408432,8,Millennium Park,498419,5173,Customer
1428,,Millennium Park,41.8810317,-87.62408432,8,Millennium Park,,0,6.0,Millennium Park,9/14/2013 18:16,9/14/2013 19:25,41.8810317,-87.62408432,8,Millennium Park,499847,4152,Customer
1428,1983,Hermitage Ave & Polk St,41.899714,-87.677234,142,Damen Ave & Augusta Blvd,Female,3692,0,Damen Ave & Augusta Blvd,9/16/2013 8:23,9/16/2013 8:35,41.871514,-87.669886,80,Hermitage Ave & Polk St,505911,733,Subscriber
1428,1974,Canal St & Adams St,41.885837,-87.6355,272,Franklin St & Lake St,Male,1357,46.5,Franklin St & Lake St,9/16/2013 17:28,9/16/2013 22:10,41.87923,-87.640015,11,Canal St & Adams St,510137,16906,Subscriber
1428,1974,Clark St & Randolph St,41.87923,-87.640015,11,Canal St & Adams St,Male,2106,0,Canal St & Adams St,9/17/2013 8:54,9/17/2013 9:00,41.884576228,-87.63188991,5,Clark St & Randolph St,514077,351,Subscriber
1428,1968,Larrabee St & Kingsbury St,41.884576228,-87.63188991,5,Clark St & Randolph St,Male,2130,0,Clark St & Randolph St,9/17/2013 17:48,9/17/2013 17:57,41.897764,-87.642884,12,Larrabee St & Kingsbury St,518973,595,Subscriber
1428,1983,Clark St & Elm St,41.897764,-87.642884,12,Larrabee St & Kingsbury St,Female,1711,0,Larrabee St & Kingsbury St,9/17/2013 18:02,9/17/2013 18:12,41.903233,-87.631253,349,Clark St & Elm St,519160,580,Subscriber
1428,1982,Lake Shore Dr & Wellington Ave,41.903233,-87.631253,349,Clark St & Elm St,Male,4300,0,Clark St & Elm St,9/17/2013 18:55,9/17/2013 19:09,41.936669,-87.636794,234,Lake Shore Dr & Wellington Ave,519786,822,Subscriber
1428,1976,Michigan Ave & Oak St,41.936669,-87.636794,234,Lake Shore Dr & Wellington Ave,Female,4810,0,Lake Shore Dr & Wellington Ave,9/18/2013 8:02,9/18/2013 8:20,41.90096039,-87.62377664,42,Michigan Ave & Oak St,522253,1025,Subscriber
1428,1963,State St & Randolph St,41.885837,-87.6355,272,Franklin St & Lake St,Male,734,0,Franklin St & Lake St,9/18/2013 9:17,9/18/2013 9:22,41.8847302006,-87.6277335692,2,State St & Randolph St,523005,293,Subscriber
1428,1982,Clinton St & Washington Blvd,41.893832,-87.634195,64,Wells St & Erie St,Male,1757,0,Wells St & Erie St,9/19/2013 16:50,9/19/2013 16:57,41.88338,-87.64117,10,Clinton St & Washington Blvd,530975,395,Subscriber
1428,1969,Aberdeen St & Madison St,41.88338,-87.64117,10,Clinton St & Washington Blvd,Female,1559,0,Clinton St & Washington Blvd,9/19/2013 17:10,9/19/2013 17:18,41.881487,-87.654752,156,Aberdeen St & Madison St,531294,498,Subscriber
1428,1979,Halsted St & Madison St,41.881487,-87.654752,156,Aberdeen St & Madison St,Male,584,0,Aberdeen St & Madison St,9/19/2013 20:55,9/19/2013 21:00,41.88175,-87.6478,159,Halsted St & Madison St,533666,252,Subscriber
1428,1978,Loomis St & Taylor St,41.87811421,-87.63997112,138,Canal St & Jackson Blvd,Female,2730,0,Canal St & Jackson Blvd,9/20/2013 9:06,9/20/2013 9:21,41.869417,-87.660996,139,Loomis St & Taylor St,536152,905,Subscriber
1428,1959,Halsted St & 18th St,41.862378,-87.651062,169,Morgan Ave & 14th Pl,Female,922,0,Morgan Ave & 14th Pl,9/20/2013 10:23,9/20/2013 10:29,41.857499,-87.646277,99,Halsted St & 18th St,536681,386,Subscriber
1428,1959,Morgan Ave & 14th Pl,41.857499,-87.646277,99,Halsted St & 18th St,Female,922,0,Halsted St & 18th St,9/20/2013 12:27,9/20/2013 12:37,41.862378,-87.651062,169,Morgan Ave & 14th Pl,537609,562,Subscriber
1428,1980,Halsted St & 18th St,41.862378,-87.651062,169,Morgan Ave & 14th Pl,Male,922,0,Morgan Ave & 14th Pl,9/20/2013 18:33,9/20/2013 18:40,41.857499,-87.646277,99,Halsted St & 18th St,541704,409,Subscriber
1428,1980,Clinton St & 18th St,41.857499,-87.646277,99,Halsted St & 18th St,Male,484,0,Halsted St & 18th St,9/20/2013 18:40,9/20/2013 18:51,41.85795,-87.640826,329,Clinton St & 18th St,541760,655,Subscriber
1428,1980,Morgan Ave & 14th Pl,41.85795,-87.640826,329,Clinton St & 18th St,Male,1332,0,Clinton St & 18th St,9/20/2013 18:51,9/20/2013 19:16,41.862378,-87.651062,169,Morgan Ave & 14th Pl,541876,1489,Subscriber
1428,,Racine Ave & Congress Pkwy,41.862378,-87.651062,169,Morgan Ave & 14th Pl,,1826,0,Morgan Ave & 14th Pl,9/20/2013 20:35,9/20/2013 20:44,41.87464,-87.65703,76,Racine Ave & Congress Pkwy,542587,518,Customer
1428,,State St & Wacker Dr,41.87464,-87.65703,76,Racine Ave & Congress Pkwy,,3977,2.0,Racine Ave & Congress Pkwy,9/20/2013 22:57,9/20/2013 23:29,41.887155,-87.62775,339,State St & Wacker Dr,543136,1868,Customer
1428,,Dearborn St & Adams St,41.887155,-87.62775,339,State St & Wacker Dr,,1140,0,State St & Wacker Dr,9/21/2013 2:27,9/21/2013 2:46,41.8793563587,-87.6297910363,20,Dearborn St & Adams St,543552,1154,Customer
1428,1992,Dearborn St & Monroe St,41.8793563587,-87.6297910363,20,Dearborn St & Adams St,Male,248,0,Dearborn St & Adams St,9/21/2013 8:34,9/21/2013 8:38,41.881319815,-87.6295209193,49,Dearborn St & Monroe St,544051,243,Subscriber
1428,,Clinton St & Lake St,41.8847302006,-87.6277335692,2,State St & Randolph St,,1968,0,State St & Randolph St,9/21/2013 14:16,9/21/2013 14:25,41.8858327415,-87.6413823149,21,Clinton St & Lake St,548686,559,Customer
1428,,Lincoln Ave & Armitage Ave,41.8858327415,-87.6413823149,21,Clinton St & Lake St,,4442,0,Clinton St & Lake St,9/21/2013 14:58,9/21/2013 15:25,41.918273,-87.638116,146,Lincoln Ave & Armitage Ave,549408,1623,Customer
1428,1979,Halsted St & Willow St,41.918273,-87.638116,146,Lincoln Ave & Armitage Ave,Male,1384,0,Lincoln Ave & Armitage Ave,9/21/2013 16:41,9/21/2013 16:47,41.913778,-87.64884,181,Halsted St & Willow St,551149,354,Subscriber
1428,1969,Bissell St & Armitage Ave,41.913778,-87.64884,181,Halsted St & Willow St,Male,782,0,Halsted St & Willow St,9/21/2013 19:52,9/21/2013 19:55,41.91844,-87.65222,59,Bissell St & Armitage Ave,553553,196,Subscriber
1428,1971,Wilton Ave & Diversey Pkwy,41.91844,-87.65222,59,Bissell St & Armitage Ave,Male,1768,0,Bissell St & Armitage Ave,9/22/2013 8:00,9/22/2013 8:08,41.93250008,-87.65268082,66,Wilton Ave & Diversey Pkwy,555375,534,Subscriber
1428,1974,Paulina St & Diversey Pkwy,41.93250008,-87.65268082,66,Wilton Ave & Diversey Pkwy,Male,2241,0,Wilton Ave & Diversey Pkwy,9/22/2013 10:14,9/22/2013 10:23,41.93186,-87.67079,271,Paulina St & Diversey Pkwy,556097,514,Subscriber
1428,1974,Wilton Ave & Diversey Pkwy,41.93186,-87.67079,271,Paulina St & Diversey Pkwy,Male,2241,0,Paulina St & Diversey Pkwy,9/24/2013 13:12,9/24/2013 13:19,41.93250008,-87.65268082,66,Wilton Ave & Diversey Pkwy,576432,414,Subscriber
1428,1966,Southport Ave & Wrightwood Ave,41.93250008,-87.65268082,66,Wilton Ave & Diversey Pkwy,Female,1269,0,Wilton Ave & Diversey Pkwy,9/24/2013 17:04,9/24/2013 17:09,41.92888,-87.66317,298,Southport Ave & Wrightwood Ave,578507,287,Subscriber
1428,1985,Sheffield Ave & Fullerton Ave,41.92888,-87.66317,298,Southport Ave & Wrightwood Ave,Male,1159,0,Southport Ave & Wrightwood Ave,9/25/2013 7:04,9/25/2013 7:09,41.9256018819,-87.6537080423,60,Sheffield Ave & Fullerton Ave,582320,330,Subscriber
1428,,Wood St & Milwaukee Ave,41.9256018819,-87.6537080423,60,Sheffield Ave & Fullerton Ave,,3479,0,Sheffield Ave & Fullerton Ave,9/25/2013 10:45,9/25/2013 10:58,41.907655,-87.672552,221,Wood St & Milwaukee Ave,584434,787,Customer
1428,,Racine Ave & Fullerton Ave,41.907655,-87.672552,221,Wood St & Milwaukee Ave,,3079,0,Wood St & Milwaukee Ave,9/25/2013 12:23,9/25/2013 12:37,41.92556258,-87.65840426,189,Racine Ave & Fullerton Ave,585218,868,Customer
1428,1992,Lincoln Ave & Diversey Pkwy,41.92556258,-87.65840426,189,Racine Ave & Fullerton Ave,Female,741,0,Racine Ave & Fullerton Ave,9/25/2013 15:00,9/25/2013 15:04,41.932225,-87.658617,226,Lincoln Ave & Diversey Pkwy,586471,241,Subscriber
1428,1992,Racine Ave & Fullerton Ave,41.932225,-87.658617,226,Lincoln Ave & Diversey Pkwy,Female,741,0,Lincoln Ave & Diversey Pkwy,9/25/2013 17:49,9/25/2013 17:52,41.92556258,-87.65840426,189,Racine Ave & Fullerton Ave,588718,199,Subscriber
1428,1983,Greenview Ave & Fullerton Ave,41.92556258,-87.65840426,189,Racine Ave & Fullerton Ave,Male,961,0,Racine Ave & Fullerton Ave,9/25/2013 22:26,9/25/2013 22:29,41.92533,-87.6658,295,Greenview Ave & Fullerton Ave,591004,159,Subscriber
1428,1987,Sheffield Ave & Fullerton Ave,41.92533,-87.6658,295,Greenview Ave & Fullerton Ave,Male,1366,0,Greenview Ave & Fullerton Ave,9/26/2013 8:25,9/26/2013 8:29,41.9256018819,-87.6537080423,60,Sheffield Ave & Fullerton Ave,592625,239,Subscriber
1428,1948,Sheffield Ave & Webster Ave,41.92883,-87.668507,296,Ashland Ave & Wrightwood Ave,Male,2050,0,Ashland Ave & Wrightwood Ave,9/29/2013 11:14,9/29/2013 11:23,41.921687,-87.653714,188,Sheffield Ave & Webster Ave,627953,511,Subscriber
1428,1993,Dayton St & North Ave,41.921687,-87.653714,188,Sheffield Ave & Webster Ave,Male,1398,0,Sheffield Ave & Webster Ave,9/29/2013 13:46,9/29/2013 13:54,41.9105780349,-87.6494219288,58,Dayton St & North Ave,630202,462,Subscriber
1428,1983,Sheffield Ave & Willow St,41.9105780349,-87.6494219288,58,Dayton St & North Ave,Female,522,0,Dayton St & North Ave,9/29/2013 15:14,9/29/2013 15:17,41.913688,-87.652855,190,Sheffield Ave & Willow St,631692,166,Subscriber
1428,1986,Leavitt St & North Ave,41.913688,-87.652855,190,Sheffield Ave & Willow St,Male,3198,0,Sheffield Ave & Willow St,9/29/2013 15:32,9/29/2013 15:47,41.910652,-87.6824,244,Leavitt St & North Ave,632018,943,Subscriber
1428,1961,Wood St & Grand Ave,41.910652,-87.6824,244,Leavitt St & North Ave,Male,2999,0,Leavitt St & North Ave,9/29/2013 18:13,9/29/2013 18:24,41.89113,-87.67203,432,Wood St & Grand Ave,634567,652,Subscriber
1428,1969,Sedgwick St & Webster Ave,41.9093960065,-87.6776919292,65,Damen Ave & Pierce Ave,Male,4453,0,Damen Ave & Pierce Ave,9/30/2013 2:11,9/30/2013 2:36,41.92197,-87.63854,191,Sedgwick St & Webster Ave,636401,1512,Subscriber
1428,,Daley Center Plaza,41.92197,-87.63854,191,Sedgwick St & Webster Ave,,4494,0,Sedgwick St & Webster Ave,9/30/2013 7:59,9/30/2013 8:20,41.884337,-87.630183,23,Daley Center Plaza,637312,1236,Customer
1428,,State St & Wacker Dr,41.8532387578,-87.6253370902,170,Wabash Ave & Cermak Rd,,4265,0,Wabash Ave & Cermak Rd,9/30/2013 17:58,9/30/2013 18:19,41.887155,-87.62775,339,State St & Wacker Dr,643670,1277,Customer
1428,1966,Clark St & North Ave,41.887155,-87.62775,339,State St & Wacker Dr,Male,3104,0,State St & Wacker Dr,9/30/2013 18:23,9/30/2013 18:38,41.911791,-87.631841,128,Clark St & North Ave,644108,936,Subscriber
1428,1984,LaSalle St & Jackson Blvd,41.911791,-87.631841,128,Clark St & North Ave,Male,3895,0,Clark St & North Ave,10/1/2013 7:16,10/1/2013 7:32,41.87817,-87.631985,32,LaSalle St & Jackson Blvd,646775,932,Subscriber
1428,1980,Racine Ave & Fullerton Ave,41.89384315,-87.64185116,265,Kingsbury St & Erie St,Male,4138,0,Kingsbury St & Erie St,10/1/2013 14:08,10/1/2013 14:26,41.92556258,-87.65840426,189,Racine Ave & Fullerton Ave,650603,1060,Subscriber
1428,1985,LaSalle St & Jackson Blvd,41.88338,-87.64117,10,Clinton St & Washington Blvd,Male,1347,0,Clinton St & Washington Blvd,10/2/2013 9:37,10/2/2013 9:45,41.87817,-87.631985,32,LaSalle St & Jackson Blvd,658508,444,Subscriber
1428,1977,Canal St & Madison St,41.87817,-87.631985,32,LaSalle St & Jackson Blvd,Male,1079,0,LaSalle St & Jackson Blvd,10/2/2013 16:42,10/2/2013 16:46,41.882091,-87.639833,341,Canal St & Madison St,662432,256,Subscriber
1428,,Carpenter St & Huron St,41.883004,-87.651148,409,Sangamon St & Washington Blvd,,1777,0,Sangamon St & Washington Blvd,10/2/2013 18:15,10/2/2013 18:23,41.894556,-87.653449,196,Carpenter St & Huron St,664225,485,Customer
1428,,California Ave & Division St,41.91044,-87.6972,258,California Ave & North Ave,,875,0,California Ave & North Ave,10/2/2013 21:11,10/2/2013 21:14,41.903029,-87.697474,256,California Ave & Division St,665857,238,Customer
1428,1981,LaSalle St & Illinois St,41.903029,-87.697474,256,California Ave & Division St,Female,6668,0,California Ave & Division St,10/4/2013 20:09,10/4/2013 20:38,41.890749,-87.63206,430,LaSalle St & Illinois St,683004,1742,Subscriber
1428,1986,McClurg Ct & Illinois St,41.890749,-87.63206,430,LaSalle St & Illinois St,Female,1223,0,LaSalle St & Illinois St,10/4/2013 20:42,10/4/2013 20:50,41.89102,-87.6173,51,McClurg Ct & Illinois St,683214,458,Subscriber
1428,1979,LaSalle St & Washington St,41.89102,-87.6173,51,McClurg Ct & Illinois St,Male,2354,0,McClurg Ct & Illinois St,10/4/2013 23:04,10/4/2013 23:15,41.882664,-87.63253,6,LaSalle St & Washington St,683999,619,Subscriber
1428,1979,Cityfront Plaza & N Water St,41.882664,-87.63253,6,LaSalle St & Washington St,Male,2274,0,LaSalle St & Washington St,10/5/2013 8:39,10/5/2013 8:48,41.889875,-87.621994,427,Cityfront Plaza & N Water St,685055,553,Subscriber
1428,,Indiana Ave & Roosevelt Rd,41.867888,-87.623041,309,Indiana Ave & Roosevelt Rd,,0,0,Indiana Ave & Roosevelt Rd,10/5/2013 13:28,10/5/2013 13:40,41.867888,-87.623041,309,Indiana Ave & Roosevelt Rd,688400,723,Customer
1428,1973,Franklin St & Jackson Blvd,41.915689,-87.6346,179,Clark St & Lincoln Ave,Male,5084,0,Clark St & Lincoln Ave,10/5/2013 15:01,10/5/2013 15:21,41.8777079559,-87.6353211408,19,Franklin St & Jackson Blvd,689939,1219,Subscriber
1428,1983,Eckhart Park,41.90068,-87.6626,290,Noble St & Milwaukee Ave,Female,831,0,Noble St & Milwaukee Ave,10/6/2013 15:31,10/6/2013 15:36,41.89637337,-87.66098386,289,Eckhart Park,697319,288,Subscriber
1428,1987,California Ave & Division St,41.89637337,-87.66098386,289,Eckhart Park,Male,3933,0,Eckhart Park,10/6/2013 15:53,10/6/2013 16:08,41.903029,-87.697474,256,California Ave & Division St,697653,947,Subscriber
1428,1986,Lincoln Ave & Armitage Ave,41.903029,-87.697474,256,California Ave & Division St,Male,6862,0,California Ave & Division St,10/6/2013 17:39,10/6/2013 18:02,41.918273,-87.638116,146,Lincoln Ave & Armitage Ave,698921,1411,Subscriber
1428,1980,Clark St & Lincoln Ave,41.918273,-87.638116,146,Lincoln Ave & Armitage Ave,Male,503,0,Lincoln Ave & Armitage Ave,10/6/2013 18:32,10/6/2013 18:34,41.915689,-87.6346,179,Clark St & Lincoln Ave,699326,160,Subscriber
1428,1958,Lake Shore Dr & Wellington Ave,41.915689,-87.6346,179,Clark St & Lincoln Ave,Female,2859,0,Clark St & Lincoln Ave,10/7/2013 7:14,10/7/2013 7:38,41.936669,-87.636794,234,Lake Shore Dr & Wellington Ave,700731,1441,Subscriber
1428,1958,Clark St & Lincoln Ave,41.936669,-87.636794,234,Lake Shore Dr & Wellington Ave,Female,2732,0,Lake Shore Dr & Wellington Ave,10/7/2013 7:38,10/7/2013 7:53,41.915689,-87.6346,179,Clark St & Lincoln Ave,700961,875,Subscriber
1428,1970,Halsted St & Waveland Ave,41.9256018819,-87.6537080423,60,Sheffield Ave & Fullerton Ave,Female,3179,0,Sheffield Ave & Fullerton Ave,10/7/2013 15:18,10/7/2013 15:33,41.949333,-87.649634,325,Halsted St & Waveland Ave,704960,890,Subscriber
1428,1979,Halsted St & Roscoe St,41.94893,-87.65775,275,Clark St & Waveland Ave,Male,1330,0,Clark St & Waveland Ave,10/7/2013 21:40,10/7/2013 21:44,41.943662,-87.648917,127,Halsted St & Roscoe St,709075,270,Subscriber
1428,1979,Halsted St & Waveland Ave,41.943662,-87.648917,127,Halsted St & Roscoe St,Male,675,0,Halsted St & Roscoe St,10/7/2013 21:52,10/7/2013 21:55,41.949333,-87.649634,325,Halsted St & Waveland Ave,709121,158,Subscriber
1428,1995,Michigan Ave & Jackson Blvd,41.8807,-87.63947,56,Canal St & Monroe St,Male,1591,0,Canal St & Monroe St,10/8/2013 8:06,10/8/2013 8:15,41.87785,-87.62408,340,Michigan Ave & Jackson Blvd,710582,514,Subscriber
1428,1976,Canal St & Madison St,41.87785,-87.62408,340,Michigan Ave & Jackson Blvd,Male,1778,0,Michigan Ave & Jackson Blvd,10/8/2013 17:24,10/8/2013 17:32,41.882091,-87.639833,341,Canal St & Madison St,716300,441,Subscriber
1428,1982,Ashland Ave & Wrightwood Ave,41.882091,-87.639833,341,Canal St & Madison St,Male,7365,0,Canal St & Madison St,10/8/2013 18:27,10/8/2013 18:48,41.92883,-87.668507,296,Ashland Ave & Wrightwood Ave,717496,1271,Subscriber
1428,1968,Lincoln Ave & Roscoe St,41.92883,-87.668507,296,Ashland Ave & Wrightwood Ave,Male,1821,0,Ashland Ave & Wrightwood Ave,10/8/2013 20:47,10/8/2013 20:55,41.94334,-87.67097,78,Lincoln Ave & Roscoe St,718750,449,Subscriber
1428,1976,Lincoln Ave & Belle Plaine Ave,41.94334,-87.67097,78,Lincoln Ave & Roscoe St,Male,1664,0,Lincoln Ave & Roscoe St,10/9/2013 19:12,10/9/2013 19:19,41.955927,-87.679259,252,Lincoln Ave & Belle Plaine Ave,728780,411,Subscriber
1428,,Wolcott Ave & Lawrence Ave,41.955927,-87.679259,252,Lincoln Ave & Belle Plaine Ave,,1905,0,Lincoln Ave & Belle Plaine Ave,10/10/2013 11:29,10/10/2013 11:36,41.968641,-87.676335,26,Wolcott Ave & Lawrence Ave,733440,445,Customer
1428,1976,Broadway & Berwyn Ave,41.968641,-87.676335,26,Wolcott Ave & Lawrence Ave,Female,3225,0,Wolcott Ave & Lawrence Ave,10/10/2013 18:08,10/10/2013 18:20,41.978353,-87.659753,109,Broadway & Berwyn Ave,738749,680,Subscriber
1428,,Montrose Harbor,41.978353,-87.659753,109,Broadway & Berwyn Ave,,3142,2.0,Broadway & Berwyn Ave,10/11/2013 11:31,10/11/2013 12:07,41.963982,-87.638181,388,Montrose Harbor,745090,2166,Customer
1428,1972,Wabash Ave & Grand Ave,41.940775,-87.639192,233,Lake Shore Dr & Belmont Ave,Male,7481,1.5,Lake Shore Dr & Belmont Ave,10/11/2013 14:42,10/11/2013 15:13,41.891738,-87.626937,4,Wabash Ave & Grand Ave,747779,1906,Subscriber
1428,,Museum Campus,41.891738,-87.626937,4,Wabash Ave & Grand Ave,,4793,2.0,Wabash Ave & Grand Ave,10/11/2013 16:27,10/11/2013 17:17,41.865212,-87.617759,29,Museum Campus,749552,3013,Customer
1428,1980,State St & Erie St,41.889875,-87.621994,427,Cityfront Plaza & N Water St,Male,1574,0,Cityfront Plaza & N Water St,10/11/2013 21:32,10/11/2013 21:39,41.893975,-87.628623,45,State St & Erie St,753758,462,Subscriber
1428,,McClurg Ct & Illinois St,41.8838927658,-87.6246491409,1,Michigan Ave & Washington St,,1937,0,Michigan Ave & Washington St,10/12/2013 11:00,10/12/2013 11:25,41.89102,-87.6173,51,McClurg Ct & Illinois St,756666,1508,Customer
1428,,Wabash Ave & Roosevelt Rd,41.89102,-87.6173,51,McClurg Ct & Illinois St,,4161,0,McClurg Ct & Illinois St,10/12/2013 18:27,10/12/2013 18:46,41.8671729952,-87.6259550069,31,Wabash Ave & Roosevelt Rd,763824,1112,Customer
1428,1964,Martin Luther King Dr & 29th St,41.8671729952,-87.6259550069,31,Wabash Ave & Roosevelt Rd,Male,3390,0,Wabash Ave & Roosevelt Rd,10/12/2013 22:18,10/12/2013 22:34,41.842052,-87.617,214,Martin Luther King Dr & 29th St,765463,979,Subscriber
1428,,McCormick Place,41.842052,-87.617,214,Martin Luther King Dr & 29th St,,1084,0,Martin Luther King Dr & 29th St,10/13/2013 8:24,10/13/2013 8:30,41.8513751729,-87.6188346489,106,McCormick Place,766900,358,Customer
1428,,Museum Campus,41.8513751729,-87.6188346489,106,McCormick Place,,2019,0,McCormick Place,10/13/2013 8:41,10/13/2013 9:09,41.865212,-87.617759,29,Museum Campus,767033,1659,Customer
1428,,State St & 16th St,41.865212,-87.617759,29,Museum Campus,,2299,2.0,Museum Campus,10/13/2013 10:01,10/13/2013 10:32,41.8601213774,-87.6277291853,148,State St & 16th St,767859,1851,Customer
1428,,Clark St & Wellington Ave,41.945512,-87.64598,278,Broadway & Cornelia Ave,,1527,0,Broadway & Cornelia Ave,10/13/2013 14:13,10/13/2013 14:20,41.9364968219,-87.6475386582,232,Clark St & Wellington Ave,772130,387,Customer
1428,,St Clair St & Erie St,41.9364968219,-87.6475386582,232,Clark St & Wellington Ave,,7271,6.0,Clark St & Wellington Ave,10/13/2013 16:01,10/13/2013 17:30,41.894448,-87.622663,16,St Clair St & Erie St,774006,5371,Customer
1428,1987,Wells St & Erie St,41.893832,-87.634195,64,Wells St & Erie St,Female,0,0,Wells St & Erie St,10/14/2013 8:57,10/14/2013 8:59,41.893832,-87.634195,64,Wells St & Erie St,779087,130,Subscriber
1428,1964,Ashland Ave & Blackhawk St,41.888243,-87.63639,13,Orleans St & Merchandise Mart Plaza,Male,3879,0,Orleans St & Merchandise Mart Plaza,10/15/2013 18:08,10/15/2013 18:25,41.907066,-87.667252,224,Ashland Ave & Blackhawk St,794145,1025,Subscriber
1428,,Halsted St & Dickens Ave,41.903456,-87.66777,61,Ashland Ave & Division St,,3470,0,Ashland Ave & Division St,10/16/2013 18:09,10/16/2013 18:36,41.919936,-87.64883,192,Halsted St & Dickens Ave,802363,1644,Customer
1428,1983,Sheffield Ave & Webster Ave,41.919936,-87.64883,192,Halsted St & Dickens Ave,Female,602,0,Halsted St & Dickens Ave,10/17/2013 18:25,10/17/2013 18:28,41.921687,-87.653714,188,Sheffield Ave & Webster Ave,808037,174,Subscriber
1428,1983,Ashland Ave & Blackhawk St,41.921687,-87.653714,188,Sheffield Ave & Webster Ave,Female,3134,0,Sheffield Ave & Webster Ave,10/17/2013 19:44,10/17/2013 19:55,41.907066,-87.667252,224,Ashland Ave & Blackhawk St,808687,656,Subscriber
1428,1988,Kingsbury St & Erie St,41.89186,-87.62062,262,Fairbanks Ct & Grand Ave,Male,1930,0,Fairbanks Ct & Grand Ave,10/18/2013 8:34,10/18/2013 8:41,41.89384315,-87.64185116,265,Kingsbury St & Erie St,810901,466,Subscriber
1428,1958,Dearborn Pkwy & Delaware Pl,41.89384315,-87.64185116,265,Kingsbury St & Erie St,Male,1555,0,Kingsbury St & Erie St,10/18/2013 9:39,10/18/2013 9:47,41.899007,-87.629928,173,Dearborn Pkwy & Delaware Pl,811514,429,Subscriber
1428,1978,Dearborn St & Monroe St,41.899007,-87.629928,173,Dearborn Pkwy & Delaware Pl,Male,2393,0,Dearborn Pkwy & Delaware Pl,10/18/2013 9:52,10/18/2013 9:59,41.881319815,-87.6295209193,49,Dearborn St & Monroe St,811615,420,Subscriber
1428,1979,Wabash Ave & Roosevelt Rd,41.8838927658,-87.6246491409,1,Michigan Ave & Washington St,Male,1993,0,Michigan Ave & Washington St,10/18/2013 19:41,10/18/2013 19:49,41.8671729952,-87.6259550069,31,Wabash Ave & Roosevelt Rd,816563,498,Subscriber
1428,,Theater on the Lake,41.8671729952,-87.6259550069,31,Wabash Ave & Roosevelt Rd,,8677,2.0,Wabash Ave & Roosevelt Rd,10/19/2013 13:10,10/19/2013 13:49,41.926277,-87.630834,350,Theater on the Lake,820202,2306,Customer
1428,,Clark St & Waveland Ave,41.926277,-87.630834,350,Theater on the Lake,,4093,0,Theater on the Lake,10/19/2013 15:13,10/19/2013 15:34,41.94893,-87.65775,275,Clark St & Waveland Ave,821663,1278,Customer
1428,,Sheridan Rd & Montrose Ave,41.94893,-87.65775,275,Clark St & Waveland Ave,,1676,0,Clark St & Waveland Ave,10/19/2013 16:53,10/19/2013 17:08,41.96167,-87.65464,130,Sheridan Rd & Montrose Ave,822738,881,Customer
1428,1988,Lincoln Ave & Leavitt St,41.96167,-87.65464,130,Sheridan Rd & Montrose Ave,Male,2729,0,Sheridan Rd & Montrose Ave,10/20/2013 15:18,10/20/2013 15:27,41.962391,-87.684146,126,Lincoln Ave & Leavitt St,827961,581,Subscriber
1428,,Broadway & Belmont Ave,41.962391,-87.684146,126,Lincoln Ave & Leavitt St,,4931,2.0,Lincoln Ave & Leavitt St,10/20/2013 16:19,10/20/2013 16:49,41.940106,-87.645451,277,Broadway & Belmont Ave,828712,1846,Customer
1428,1989,Clinton St & Madison St,41.940106,-87.645451,277,Broadway & Belmont Ave,Male,7439,1.5,Broadway & Belmont Ave,10/20/2013 17:54,10/20/2013 18:25,41.8815824,-87.64127743,301,Clinton St & Madison St,829728,1901,Subscriber
1428,1989,Broadway & Barry Ave,41.8815824,-87.64127743,301,Clinton St & Madison St,Male,7186,1.5,Clinton St & Madison St,10/20/2013 21:43,10/20/2013 22:21,41.937739,-87.644094,137,Broadway & Barry Ave,830761,2295,Subscriber
1428,1971,Sheffield Ave & Kingsbury St,41.921687,-87.653714,188,Sheffield Ave & Webster Ave,Male,1385,0,Sheffield Ave & Webster Ave,10/21/2013 10:58,10/21/2013 11:04,41.90959193,-87.65349723,154,Sheffield Ave & Kingsbury St,833301,326,Subscriber
1428,1971,Sheffield Ave & Webster Ave,41.90959193,-87.65349723,154,Sheffield Ave & Kingsbury St,Male,1385,0,Sheffield Ave & Kingsbury St,10/21/2013 11:36,10/21/2013 11:42,41.921687,-87.653714,188,Sheffield Ave & Webster Ave,833494,327,Subscriber
1428,,Sheffield Ave & Wrightwood Ave,41.921687,-87.653714,188,Sheffield Ave & Webster Ave,,795,2.0,Sheffield Ave & Webster Ave,10/21/2013 17:16,10/21/2013 17:56,41.928712,-87.653833,211,Sheffield Ave & Wrightwood Ave,836042,2363,Customer
1428,1987,Lincoln Ave & Diversey Pkwy,41.928712,-87.653833,211,Sheffield Ave & Wrightwood Ave,Male,800,0,Sheffield Ave & Wrightwood Ave,10/21/2013 19:31,10/21/2013 19:34,41.932225,-87.658617,226,Lincoln Ave & Diversey Pkwy,837436,198,Subscriber
1428,1987,Sheffield Ave & Fullerton Ave,41.932225,-87.658617,226,Lincoln Ave & Diversey Pkwy,Male,985,0,Lincoln Ave & Diversey Pkwy,10/22/2013 8:19,10/22/2013 8:24,41.9256018819,-87.6537080423,60,Sheffield Ave & Fullerton Ave,839340,271,Subscriber
1428,1988,Southport Ave & Wrightwood Ave,41.9256018819,-87.6537080423,60,Sheffield Ave & Fullerton Ave,Female,1159,0,Sheffield Ave & Fullerton Ave,10/22/2013 17:51,10/22/2013 17:56,41.92888,-87.66317,298,Southport Ave & Wrightwood Ave,842704,307,Subscriber
1428,1987,Sheffield Ave & Fullerton Ave,41.92888,-87.66317,298,Southport Ave & Wrightwood Ave,Male,1159,0,Southport Ave & Wrightwood Ave,10/23/2013 8:43,10/23/2013 8:47,41.9256018819,-87.6537080423,60,Sheffield Ave & Fullerton Ave,845560,283,Subscriber
1428,1981,Michigan Ave & 14th St,41.881319815,-87.6295209193,49,Dearborn St & Monroe St,Male,2368,0,Dearborn St & Monroe St,10/23/2013 16:48,10/23/2013 17:00,41.864059,-87.623727,310,Michigan Ave & 14th St,848379,691,Subscriber
1428,1976,Stetson Ave & South Water St,41.88338,-87.64117,10,Clinton St & Washington Blvd,Female,3266,0,Clinton St & Washington Blvd,10/24/2013 8:27,10/24/2013 8:39,41.886861,-87.622694,48,Stetson Ave & South Water St,851742,746,Subscriber
1428,1971,Clinton St & Lake St,41.886861,-87.622694,48,Stetson Ave & South Water St,Male,2857,0,Stetson Ave & South Water St,10/24/2013 13:42,10/24/2013 13:50,41.8858327415,-87.6413823149,21,Clinton St & Lake St,853517,476,Subscriber
1428,1971,Dearborn Pkwy & Delaware Pl,41.8858327415,-87.6413823149,21,Clinton St & Lake St,Male,2460,0,Clinton St & Lake St,10/24/2013 15:27,10/24/2013 15:37,41.899007,-87.629928,173,Dearborn Pkwy & Delaware Pl,854069,633,Subscriber
1428,,Orleans St & Merchandise Mart Plaza,41.899007,-87.629928,173,Dearborn Pkwy & Delaware Pl,,2035,0,Dearborn Pkwy & Delaware Pl,10/26/2013 8:26,10/26/2013 8:34,41.888243,-87.63639,13,Orleans St & Merchandise Mart Plaza,864196,471,Customer
1428,,Clifton Ave & Armitage Ave,41.90332,-87.67273,246,Wood St & Division St,,2961,0,Wood St & Division St,10/26/2013 15:41,10/26/2013 16:00,41.918216,-87.656936,185,Clifton Ave & Armitage Ave,867420,1125,Customer
1428,1984,Western Ave & Winnebago Ave,41.918216,-87.656936,185,Clifton Ave & Armitage Ave,Male,2827,0,Clifton Ave & Armitage Ave,10/26/2013 23:37,10/26/2013 23:56,41.915533,-87.687051,68,Western Ave & Winnebago Ave,869660,1132,Subscriber
1428,,Michigan Ave & Oak St,41.936669,-87.636794,234,Lake Shore Dr & Wellington Ave,,4810,0,Lake Shore Dr & Wellington Ave,10/27/2013 14:38,10/27/2013 15:00,41.90096039,-87.62377664,42,Michigan Ave & Oak St,872413,1334,Customer
1428,1978,Clark St & Randolph St,41.90096039,-87.62377664,42,Michigan Ave & Oak St,Male,2522,0,Michigan Ave & Oak St,10/29/2013 20:05,10/29/2013 20:14,41.884576228,-87.63188991,5,Clark St & Randolph St,888379,559,Subscriber
1428,1969,State St & Erie St,41.884576228,-87.63188991,5,Clark St & Randolph St,Male,1432,0,Clark St & Randolph St,10/30/2013 11:43,10/30/2013 11:49,41.893975,-87.628623,45,State St & Erie St,891927,391,Subscriber
1428,1987,Dearborn Pkwy & Delaware Pl,41.893975,-87.628623,45,State St & Erie St,Male,723,0,State St & Erie St,10/30/2013 13:56,10/30/2013 13:59,41.899007,-87.629928,173,Dearborn Pkwy & Delaware Pl,892701,167,Subscriber
1428,1985,Ogden Ave & Chicago Ave,41.899007,-87.629928,173,Dearborn Pkwy & Delaware Pl,Male,2847,0,Dearborn Pkwy & Delaware Pl,10/30/2013 14:42,10/30/2013 14:50,41.896362458,-87.6540612729,44,Ogden Ave & Chicago Ave,892932,436,Subscriber
1428,1985,Ashland Ave & Armitage Ave,41.896362458,-87.6540612729,44,Ogden Ave & Chicago Ave,Male,3480,0,Ogden Ave & Chicago Ave,10/30/2013 16:35,10/30/2013 16:46,41.9178588677,-87.668919,25,Ashland Ave & Armitage Ave,893485,629,Subscriber
1428,1962,Clark St & North Ave,41.9178588677,-87.668919,25,Ashland Ave & Armitage Ave,Male,3743,0,Ashland Ave & Armitage Ave,10/31/2013 8:24,10/31/2013 8:44,41.911791,-87.631841,128,Clark St & North Ave,895426,1174,Subscriber
1428,1962,Ashland Ave & Armitage Ave,41.911791,-87.631841,128,Clark St & North Ave,Male,3743,0,Clark St & North Ave,10/31/2013 17:06,10/31/2013 17:21,41.9178588677,-87.668919,25,Ashland Ave & Armitage Ave,896909,943,Subscriber
1428,,Sheffield Ave & Kingsbury St,41.9178588677,-87.668919,25,Ashland Ave & Armitage Ave,,1958,0,Ashland Ave & Armitage Ave,10/31/2013 18:07,10/31/2013 18:15,41.90959193,-87.65349723,154,Sheffield Ave & Kingsbury St,897197,485,Customer
1428,1961,Franklin St & Jackson Blvd,41.90068,-87.6626,290,Noble St & Milwaukee Ave,Male,4640,0,Noble St & Milwaukee Ave,11/1/2013 8:49,11/1/2013 9:03,41.8777079559,-87.6353211408,19,Franklin St & Jackson Blvd,899362,842,Subscriber
1428,,Streeter Dr & Illinois St,41.90096039,-87.62377664,42,Michigan Ave & Oak St,,2418,0,Michigan Ave & Oak St,11/2/2013 16:00,11/2/2013 16:15,41.891071,-87.6122,22,Streeter Dr & Illinois St,908081,924,Customer
1428,1955,State St & Kinzie St,41.87811421,-87.63997112,138,Canal St & Jackson Blvd,Male,2268,0,Canal St & Jackson Blvd,11/4/2013 7:47,11/4/2013 8:00,41.88918,-87.6277,50,State St & Kinzie St,915929,774,Subscriber
1428,1960,Clinton St & Washington Blvd,41.897764,-87.642884,12,Larrabee St & Kingsbury St,Male,2064,0,Larrabee St & Kingsbury St,11/6/2013 16:21,11/6/2013 16:29,41.88338,-87.64117,10,Clinton St & Washington Blvd,931437,483,Subscriber
1428,1988,Ashland Ave & Division St,41.88338,-87.64117,10,Clinton St & Washington Blvd,Male,3416,0,Clinton St & Washington Blvd,11/6/2013 16:35,11/6/2013 16:49,41.903456,-87.66777,61,Ashland Ave & Division St,931530,836,Subscriber
1428,1953,Ashland Ave & Armitage Ave,41.903456,-87.66777,61,Ashland Ave & Division St,Male,2154,0,Ashland Ave & Division St,11/6/2013 17:02,11/6/2013 17:09,41.9178588677,-87.668919,25,Ashland Ave & Armitage Ave,931749,435,Subscriber
1428,1963,Bissell St & Armitage Ave,41.9178588677,-87.668919,25,Ashland Ave & Armitage Ave,Female,1627,0,Ashland Ave & Armitage Ave,11/6/2013 19:21,11/6/2013 19:28,41.91844,-87.65222,59,Bissell St & Armitage Ave,933025,423,Subscriber
1428,1987,Southport Ave & Belmont Ave,41.91844,-87.65222,59,Bissell St & Armitage Ave,Male,2795,0,Bissell St & Armitage Ave,11/6/2013 21:01,11/6/2013 21:11,41.93949,-87.66378,229,Southport Ave & Belmont Ave,933423,639,Subscriber
1428,1964,Southport Ave & Waveland Ave,41.94688,-87.65445,62,Sheffield Ave & Addison St,Male,960,0,Sheffield Ave & Addison St,11/7/2013 20:40,11/7/2013 20:44,41.94815,-87.66394,235,Southport Ave & Waveland Ave,939790,265,Subscriber
1428,1988,Clark St & North Ave,41.8860581151,-87.6242893413,43,Michigan Ave & Lake St,Female,3520,0,Michigan Ave & Lake St,11/8/2013 16:27,11/8/2013 16:43,41.911791,-87.631841,128,Clark St & North Ave,944509,967,Subscriber
1428,1988,Wilton Ave & Belmont Ave,41.911791,-87.631841,128,Clark St & North Ave,Female,3723,0,Clark St & North Ave,11/8/2013 16:44,11/8/2013 17:01,41.94018,-87.65304,69,Wilton Ave & Belmont Ave,944689,1024,Subscriber
1428,1984,Broadway & Belmont Ave,41.94018,-87.65304,69,Wilton Ave & Belmont Ave,Male,646,0,Wilton Ave & Belmont Ave,11/8/2013 18:25,11/8/2013 18:29,41.940106,-87.645451,277,Broadway & Belmont Ave,945691,256,Subscriber
1428,1984,Wilton Ave & Belmont Ave,41.940106,-87.645451,277,Broadway & Belmont Ave,Male,646,0,Broadway & Belmont Ave,11/9/2013 9:17,11/9/2013 9:20,41.94018,-87.65304,69,Wilton Ave & Belmont Ave,947268,159,Subscriber
1428,,Clark St & Elm St,41.94018,-87.65304,69,Wilton Ave & Belmont Ave,,4675,0,Wilton Ave & Belmont Ave,11/9/2013 10:21,11/9/2013 10:40,41.903233,-87.631253,349,Clark St & Elm St,947570,1158,Customer
1428,,Adler Planetarium,41.87785,-87.62408,340,Michigan Ave & Jackson Blvd,,2754,0,Michigan Ave & Jackson Blvd,11/9/2013 13:53,11/9/2013 14:19,41.866095,-87.607267,431,Adler Planetarium,949847,1531,Customer
1428,,Michigan Ave & Oak St,41.867888,-87.623041,309,Indiana Ave & Roosevelt Rd,,5836,2.0,Indiana Ave & Roosevelt Rd,11/9/2013 18:23,11/9/2013 19:00,41.90096039,-87.62377664,42,Michigan Ave & Oak St,952781,2243,Customer
1428,,Indiana Ave & Roosevelt Rd,41.90096039,-87.62377664,42,Michigan Ave & Oak St,,5960,0,Michigan Ave & Oak St,11/10/2013 4:28,11/10/2013 4:44,41.867888,-87.623041,309,Indiana Ave & Roosevelt Rd,954020,921,Customer
1428,1962,State St & Van Buren St,41.867888,-87.623041,309,Indiana Ave & Roosevelt Rd,Male,1404,0,Indiana Ave & Roosevelt Rd,11/10/2013 9:29,11/10/2013 9:34,41.877181,-87.627844,3,State St & Van Buren St,954425,340,Subscriber
1428,1982,Peoria St & Jackson Blvd,41.877181,-87.627844,3,State St & Van Buren St,Male,1964,0,State St & Van Buren St,11/11/2013 7:50,11/11/2013 7:58,41.877749,-87.649633,158,Peoria St & Jackson Blvd,959892,495,Subscriber
1428,1977,Clinton St & Washington Blvd,41.877749,-87.649633,158,Peoria St & Jackson Blvd,Female,1322,0,Peoria St & Jackson Blvd,11/11/2013 8:25,11/11/2013 8:32,41.88338,-87.64117,10,Clinton St & Washington Blvd,960264,442,Subscriber
1428,1954,LaSalle St & Illinois St,41.88338,-87.64117,10,Clinton St & Washington Blvd,Male,1636,0,Clinton St & Washington Blvd,11/11/2013 8:36,11/11/2013 8:46,41.890749,-87.63206,430,LaSalle St & Illinois St,960394,557,Subscriber
1428,1969,St Clair St & Erie St,41.890749,-87.63206,430,LaSalle St & Illinois St,Male,1161,0,LaSalle St & Illinois St,11/11/2013 10:51,11/11/2013 10:58,41.894448,-87.622663,16,St Clair St & Erie St,961157,395,Subscriber
1428,1988,Halsted St & Diversey Pkwy,41.921687,-87.653714,188,Sheffield Ave & Webster Ave,Female,1714,0,Sheffield Ave & Webster Ave,11/12/2013 13:33,11/12/2013 13:42,41.933341,-87.648747,208,Halsted St & Diversey Pkwy,965367,537,Subscriber
1428,1988,Sheffield Ave & Wellington Ave,41.933341,-87.648747,208,Halsted St & Diversey Pkwy,Female,739,0,Halsted St & Diversey Pkwy,11/12/2013 14:05,11/12/2013 14:10,41.936253,-87.653566,67,Sheffield Ave & Wellington Ave,965530,320,Subscriber
1428,1976,Michigan Ave & Oak St,41.936253,-87.653566,67,Sheffield Ave & Wellington Ave,Female,6188,0,Sheffield Ave & Wellington Ave,11/12/2013 21:00,11/12/2013 21:24,41.90096039,-87.62377664,42,Michigan Ave & Oak St,967745,1427,Subscriber
1428,1952,LaSalle St & Illinois St,41.90096039,-87.62377664,42,Michigan Ave & Oak St,Male,1916,0,Michigan Ave & Oak St,11/13/2013 8:23,11/13/2013 8:34,41.890749,-87.63206,430,LaSalle St & Illinois St,968924,650,Subscriber
1428,1988,Clinton St & Lake St,41.890749,-87.63206,430,LaSalle St & Illinois St,Female,1473,0,LaSalle St & Illinois St,11/13/2013 16:38,11/13/2013 16:46,41.8858327415,-87.6413823149,21,Clinton St & Lake St,971377,488,Subscriber
1428,1981,Wells St & Erie St,41.8858327415,-87.6413823149,21,Clinton St & Lake St,Female,1554,0,Clinton St & Lake St,11/14/2013 13:26,11/14/2013 13:40,41.893832,-87.634195,64,Wells St & Erie St,975541,882,Subscriber
1428,1982,Clinton St & Washington Blvd,41.893832,-87.634195,64,Wells St & Erie St,Male,1757,0,Wells St & Erie St,11/14/2013 16:10,11/14/2013 16:19,41.88338,-87.64117,10,Clinton St & Washington Blvd,976329,518,Subscriber
1428,1977,Clinton St & Lake St,41.88338,-87.64117,10,Clinton St & Washington Blvd,Male,273,0,Clinton St & Washington Blvd,11/14/2013 16:23,11/14/2013 16:25,41.8858327415,-87.6413823149,21,Clinton St & Lake St,976414,101,Subscriber
1428,1988,Damen Ave & Madison St,41.8858327415,-87.6413823149,21,Clinton St & Lake St,Male,3105,0,Clinton St & Lake St,11/14/2013 17:43,11/14/2013 17:57,41.88137,-87.67493,134,Damen Ave & Madison St,977252,861,Subscriber
1428,1982,Aberdeen St & Madison St,41.88137,-87.67493,134,Damen Ave & Madison St,Female,1946,0,Damen Ave & Madison St,11/15/2013 12:12,11/15/2013 12:19,41.881487,-87.654752,156,Aberdeen St & Madison St,981070,420,Subscriber
1428,1974,Wood St & Grand Ave,41.886773,-87.656001,197,May St & Fulton St,Male,1840,0,May St & Fulton St,11/15/2013 19:12,11/15/2013 19:22,41.89113,-87.67203,432,Wood St & Grand Ave,984034,591,Subscriber
1428,1986,Cityfront Plaza & N Water St,41.917741,-87.691392,266,Stave St & Armitage Ave,Male,7593,0,Stave St & Armitage Ave,11/19/2013 7:53,11/19/2013 8:20,41.889875,-87.621994,427,Cityfront Plaza & N Water St,996672,1614,Subscriber
1428,1967,Orleans St & Merchandise Mart Plaza,41.87811421,-87.63997112,138,Canal St & Jackson Blvd,Male,1593,0,Canal St & Jackson Blvd,11/20/2013 8:35,11/20/2013 8:43,41.888243,-87.63639,13,Orleans St & Merchandise Mart Plaza,1002459,465,Subscriber
1428,1964,Clark St & Congress Pkwy,41.888243,-87.63639,13,Orleans St & Merchandise Mart Plaza,Female,2321,0,Orleans St & Merchandise Mart Plaza,11/20/2013 15:22,11/20/2013 15:33,41.8759326655,-87.6305845355,9,Clark St & Congress Pkwy,1004394,641,Subscriber
1428,1982,Sheffield Ave & Webster Ave,41.87817,-87.631985,32,LaSalle St & Jackson Blvd,Male,6763,0,LaSalle St & Jackson Blvd,11/20/2013 17:57,11/20/2013 18:27,41.921687,-87.653714,188,Sheffield Ave & Webster Ave,1005662,1798,Subscriber
1428,1982,Lakeview Ave & Fullerton Pkwy,41.921687,-87.653714,188,Sheffield Ave & Webster Ave,Male,1813,0,Sheffield Ave & Webster Ave,11/20/2013 18:52,11/20/2013 19:00,41.925858,-87.638973,147,Lakeview Ave & Fullerton Pkwy,1006012,456,Subscriber
1428,1978,State St & Kinzie St,41.925858,-87.638973,147,Lakeview Ave & Fullerton Pkwy,Male,4640,0,Lakeview Ave & Fullerton Pkwy,11/21/2013 8:22,11/21/2013 8:42,41.88918,-87.6277,50,State St & Kinzie St,1007565,1184,Subscriber
1428,1970,Michigan Ave & Madison St,41.88918,-87.6277,50,State St & Kinzie St,Female,1157,0,State St & Kinzie St,11/21/2013 10:16,11/21/2013 10:23,41.882134,-87.625125,36,Michigan Ave & Madison St,1008414,406,Subscriber
1428,1983,State St & Wacker Dr,41.878724,-87.634793,7,Franklin St & Quincy St,Female,1685,0,Franklin St & Quincy St,11/21/2013 17:19,11/21/2013 17:29,41.887155,-87.62775,339,State St & Wacker Dr,1010298,567,Subscriber
1428,1982,Franklin St & Arcade Pl,41.887155,-87.62775,339,State St & Wacker Dr,Male,1403,0,State St & Wacker Dr,11/22/2013 8:29,11/22/2013 8:36,41.881131,-87.635185,57,Franklin St & Arcade Pl,1012237,455,Subscriber
1428,1973,Millennium Park,41.87817,-87.631985,32,LaSalle St & Jackson Blvd,Male,950,0,LaSalle St & Jackson Blvd,11/22/2013 10:27,11/22/2013 10:32,41.8810317,-87.62408432,8,Millennium Park,1012811,279,Subscriber
1428,1973,LaSalle St & Jackson Blvd,41.8810317,-87.62408432,8,Millennium Park,Male,1252,0,Millennium Park,11/22/2013 10:54,11/22/2013 11:00,41.87817,-87.631985,32,LaSalle St & Jackson Blvd,1012887,376,Subscriber
1428,1961,Franklin St & Arcade Pl,41.87817,-87.631985,32,LaSalle St & Jackson Blvd,Male,1087,0,LaSalle St & Jackson Blvd,11/22/2013 11:27,11/22/2013 11:31,41.881131,-87.635185,57,Franklin St & Arcade Pl,1012986,231,Subscriber
1428,1964,Kingsbury St & Erie St,41.881131,-87.635185,57,Franklin St & Arcade Pl,Female,1695,0,Franklin St & Arcade Pl,11/22/2013 16:23,11/22/2013 16:31,41.89384315,-87.64185116,265,Kingsbury St & Erie St,1014211,485,Subscriber
1428,1988,Orleans St & Elm St,41.89384315,-87.64185116,265,Kingsbury St & Erie St,Male,1681,0,Kingsbury St & Erie St,11/22/2013 18:22,11/22/2013 18:28,41.902924,-87.637715,172,Orleans St & Elm St,1015245,351,Subscriber
1428,1968,Millennium Park,41.893832,-87.634195,64,Wells St & Erie St,Male,2284,0,Wells St & Erie St,11/25/2013 10:50,11/25/2013 11:03,41.8810317,-87.62408432,8,Millennium Park,1021239,779,Subscriber
1428,1968,State St & 33rd St,41.8810317,-87.62408432,8,Millennium Park,Male,7576,0,Millennium Park,11/25/2013 12:00,11/25/2013 12:20,41.834734,-87.625813,216,State St & 33rd St,1021412,1181,Subscriber
1428,1991,Dearborn St & Monroe St,41.834734,-87.625813,216,State St & 33rd St,Male,5645,0,State St & 33rd St,11/25/2013 17:08,11/25/2013 17:27,41.881319815,-87.6295209193,49,Dearborn St & Monroe St,1022237,1099,Subscriber
1428,1991,Ashland Ave & Wrightwood Ave,41.881319815,-87.6295209193,49,Dearborn St & Monroe St,Male,7827,0,Dearborn St & Monroe St,11/25/2013 17:27,11/25/2013 17:55,41.92883,-87.668507,296,Ashland Ave & Wrightwood Ave,1022350,1699,Subscriber
1428,1991,Lincoln Ave & Leavitt St,41.92883,-87.668507,296,Ashland Ave & Wrightwood Ave,Male,4205,0,Ashland Ave & Wrightwood Ave,11/25/2013 17:55,11/25/2013 18:14,41.962391,-87.684146,126,Lincoln Ave & Leavitt St,1022557,1124,Subscriber
1428,1988,Sheridan Rd & Montrose Ave,41.962391,-87.684146,126,Lincoln Ave & Leavitt St,Male,2707,0,Lincoln Ave & Leavitt St,11/26/2013 1:25,11/26/2013 1:35,41.96167,-87.65464,130,Sheridan Rd & Montrose Ave,1023303,624,Subscriber
1428,1979,Damen Ave & Leland Ave,41.96167,-87.65464,130,Sheridan Rd & Montrose Ave,Male,2639,0,Sheridan Rd & Montrose Ave,11/26/2013 8:36,11/26/2013 8:48,41.967094,-87.679028,93,Damen Ave & Leland Ave,1024104,752,Subscriber
1428,1987,Lincoln Ave & Leavitt St,41.967094,-87.679028,93,Damen Ave & Leland Ave,Male,939,0,Damen Ave & Leland Ave,11/29/2013 1:11,11/29/2013 1:16,41.962391,-87.684146,126,Lincoln Ave & Leavitt St,1031387,299,Subscriber
1428,1983,Wolcott Ave & Lawrence Ave,41.962391,-87.684146,126,Lincoln Ave & Leavitt St,Male,1387,0,Lincoln Ave & Leavitt St,11/29/2013 7:53,11/29/2013 7:58,41.968641,-87.676335,26,Wolcott Ave & Lawrence Ave,1031554,277,Subscriber
1428,,California Ave & Division St,41.922695,-87.697153,84,California Ave & Milwaukee Ave,,2290,0,California Ave & Milwaukee Ave,11/30/2013 15:32,11/30/2013 15:44,41.903029,-87.697474,256,California Ave & Division St,1034880,714,Customer
1428,,California Ave & Division St,41.903029,-87.697474,256,California Ave & Division St,,0,2.0,California Ave & Division St,11/30/2013 15:45,11/30/2013 16:21,41.903029,-87.697474,256,California Ave & Division St,1034941,2161,Customer
1428,,Kedzie Ave & Milwaukee Ave,41.903029,-87.697474,256,California Ave & Division St,,3396,0,California Ave & Division St,11/30/2013 16:22,11/30/2013 16:40,41.929567,-87.707857,85,Kedzie Ave & Milwaukee Ave,1035116,1066,Customer
1428,1981,Stave St & Armitage Ave,41.929567,-87.707857,85,Kedzie Ave & Milwaukee Ave,Male,2030,0,Kedzie Ave & Milwaukee Ave,11/30/2013 16:47,11/30/2013 16:55,41.917741,-87.691392,266,Stave St & Armitage Ave,1035218,505,Subscriber
1428,1986,Sheffield Ave & Webster Ave,41.917741,-87.691392,266,Stave St & Armitage Ave,Male,3856,0,Stave St & Armitage Ave,12/1/2013 8:19,12/1/2013 8:30,41.921687,-87.653714,188,Sheffield Ave & Webster Ave,1036504,664,Subscriber
1428,1975,Desplaines St & Kinzie St,41.88918,-87.6277,50,State St & Kinzie St,Male,1416,0,State St & Kinzie St,12/3/2013 14:34,12/3/2013 14:41,41.888716036,-87.6444478533,39,Desplaines St & Kinzie St,1045475,428,Subscriber
1428,1975,State St & Kinzie St,41.888716036,-87.6444478533,39,Desplaines St & Kinzie St,Male,1416,0,Desplaines St & Kinzie St,12/4/2013 5:43,12/4/2013 5:50,41.88918,-87.6277,50,State St & Kinzie St,1048056,415,Subscriber
1428,1975,Canal St & Madison St,41.867888,-87.623041,309,Indiana Ave & Roosevelt Rd,Male,2976,0,Indiana Ave & Roosevelt Rd,12/9/2013 17:03,12/9/2013 17:19,41.882091,-87.639833,341,Canal St & Madison St,1066014,1006,Subscriber
1428,1982,Ogden Ave & Chicago Ave,41.886773,-87.656001,197,May St & Fulton St,Male,1207,0,May St & Fulton St,12/9/2013 19:35,12/9/2013 19:43,41.896362458,-87.6540612729,44,Ogden Ave & Chicago Ave,1066495,520,Subscriber
1428,1990,LaSalle St & Washington St,41.896362458,-87.6540612729,44,Ogden Ave & Chicago Ave,Female,2889,0,Ogden Ave & Chicago Ave,12/10/2013 8:58,12/10/2013 9:12,41.882664,-87.63253,6,LaSalle St & Washington St,1067197,854,Subscriber
1428,1961,Canal St & Jackson Blvd,41.882664,-87.63253,6,LaSalle St & Washington St,Male,1315,0,LaSalle St & Washington St,12/10/2013 16:26,12/10/2013 16:33,41.87811421,-87.63997112,138,Canal St & Jackson Blvd,1068147,426,Subscriber
1428,1978,Peoria St & Jackson Blvd,41.87811421,-87.63997112,138,Canal St & Jackson Blvd,Male,1104,0,Canal St & Jackson Blvd,12/10/2013 19:54,12/10/2013 19:59,41.877749,-87.649633,158,Peoria St & Jackson Blvd,1068796,307,Subscriber
1428,1990,Halsted St & Madison St,41.877749,-87.649633,158,Peoria St & Jackson Blvd,Male,597,0,Peoria St & Jackson Blvd,12/11/2013 16:47,12/11/2013 16:50,41.88175,-87.6478,159,Halsted St & Madison St,1070725,199,Subscriber
1428,1989,Morgan St & Polk St,41.88175,-87.6478,159,Halsted St & Madison St,Male,1491,0,Halsted St & Madison St,12/11/2013 18:11,12/11/2013 18:21,41.871737,-87.65103,168,Morgan St & Polk St,1071060,566,Subscriber
1428,1983,Canal St & Jackson Blvd,41.871737,-87.65103,168,Morgan St & Polk St,Male,1565,0,Morgan St & Polk St,12/12/2013 8:03,12/12/2013 8:10,41.87811421,-87.63997112,138,Canal St & Jackson Blvd,1071687,443,Subscriber
1428,,Franklin St & Lake St,41.936083,-87.669807,269,Ashland Ave & Wellington Ave,,7542,2.0,Ashland Ave & Wellington Ave,12/26/2013 8:06,12/26/2013 8:41,41.885837,-87.6355,272,Franklin St & Lake St,1099266,2084,Customer
1428,1980,Orleans St & Merchandise Mart Plaza,41.885837,-87.6355,272,Franklin St & Lake St,Male,339,0,Franklin St & Lake St,12/26/2013 10:33,12/26/2013 10:35,41.888243,-87.63639,13,Orleans St & Merchandise Mart Plaza,1099453,101,Subscriber
1428,1963,Clinton St & Madison St,41.888243,-87.63639,13,Orleans St & Merchandise Mart Plaza,Male,1543,0,Orleans St & Merchandise Mart Plaza,12/26/2013 12:06,12/26/2013 12:11,41.8815824,-87.64127743,301,Clinton St & Madison St,1099553,314,Subscriber
1428,1966,Columbus Dr & Randolph St,41.8815824,-87.64127743,301,Clinton St & Madison St,Male,2647,0,Clinton St & Madison St,12/27/2013 7:53,12/27/2013 8:02,41.8853,-87.62077,263,Columbus Dr & Randolph St,1100728,526,Subscriber
1428,1987,Canal St & Monroe St,41.8853,-87.62077,263,Columbus Dr & Randolph St,Male,2355,0,Columbus Dr & Randolph St,12/27/2013 9:23,12/27/2013 9:32,41.8807,-87.63947,56,Canal St & Monroe St,1100936,553,Subscriber
1428,1963,Aberdeen St & Madison St,41.8807,-87.63947,56,Canal St & Monroe St,Male,1676,0,Canal St & Monroe St,12/27/2013 16:06,12/27/2013 16:13,41.881487,-87.654752,156,Aberdeen St & Madison St,1101903,442,Subscriber
